0.1	-1.4398966328953218	0.	0.25	-2.8316278291045176	0.8155174380713257
0.1	-1.3089969389957472	0.5	0.25	-3.006489306537946	0.926090171255516
0.1	-1.1780972450961724	1.	0.25	-2.3548351335359285	0.6995134198826185
0.1	-1.0471975511965976	1.	0.25	-2.97400155949302	0.7125735485248195
0.1	-0.9162978572970231	1.	0.25	-2.401509988782203	0.6999861668059161
0.1	-0.7853981633974483	1.	0.25	-2.9611574314926057	0.9950952849458583
0.1	-0.6544984694978736	1.	0.25	-3.186344449284882	0.754411967717611
0.1	-0.5235987755982988	0.5	0.25	-3.12582175732916	0.8691136250336845
0.1	-0.39269908169872414	1.	0.25	-3.216703507784336	0.7377754956325775
0.1	-0.2617993877991494	0.5	0.25	-2.937631551718487	0.7588857441826112
0.1	-0.1308996938995747	0.5	0.25	-2.9987691550476545	0.7055199830342438
0.1	0.	0.5	0.25	-2.897288090574933	0.7641849766436033
0.1	0.1308996938995747	0.5	0.25	-2.9870639475654928	0.8740129895840592
0.1	0.2617993877991494	0.5	0.25	-2.970554192088806	0.3845567477579195
0.1	0.39269908169872414	1.	0.25	-3.103657800963687	0.7215642379573729
0.1	0.5235987755982988	0.5	0.25	-2.8725355190342436	1.869269245052689
0.1	0.6544984694978736	1.	0.25	-3.0042549292355436	0.7169734973829127
0.1	0.7853981633974483	1.	0.25	-2.8256773758966256	0.7370033531263543
0.1	0.9162978572970231	1.	0.25	-2.3149724971691112	0.6992724953821706
0.1	1.0471975511965976	1.	0.25	-2.9858944276482635	0.6961346922585253
0.1	1.1780972450961724	1.	0.25	-2.257761337715065	0.695631172976126
0.1	1.3089969389957472	0.5	0.25	-2.8410280810896134	0.2987799174567285
0.1	1.4398966328953218	0.	0.25	-2.8091742058975937	0.37228059325583107
0.2	-1.4398966328953218	-0.5	0.25	-2.767566365784318	0.7893590483391095
0.2	-1.3089969389957472	-1.	0.25	-2.876855959731869	0.6660900467585011
0.2	-1.1780972450961724	0.5	0.25	-3.0944751799980423	0.41943159533416097
0.2	-1.0471975511965976	-0.5	0.25	-2.8175012206928556	0.7746832576233535
0.2	-0.9162978572970231	1.	0.25	-2.750442293159488	0.7806812701435605
0.2	-0.7853981633974483	-0.5	0.25	-2.897962222709228	0.7903605217320591
0.2	-0.6544984694978736	0.5	0.25	-3.0281643857176834	1.1516371936100838
0.2	-0.5235987755982988	-0.5	0.25	-2.694893950637657	0.49533473095937075
0.2	-0.39269908169872414	0.	0.25	-2.8910654813621806	0.47460230511293644
0.2	-0.2617993877991494	1.	0.25	-3.009307066758133	0.7789202074283916
0.2	-0.1308996938995747	-0.5	0.25	-2.845368564382318	0.431530591207818
0.2	0.	0.	0.25	-2.7211860817047797	0.79949339935813
0.2	0.1308996938995747	-0.5	0.25	-2.7737167151908304	0.5732006360827684
0.2	0.2617993877991494	1.	0.25	-2.760260320475092	0.8089522146626618
0.2	0.39269908169872414	0.	0.25	-2.884114306813303	0.5648393783113914
0.2	0.5235987755982988	-0.5	0.25	-2.555635266676982	0.19774918256771468
0.2	0.6544984694978736	0.5	0.25	-3.0402314142536877	0.9241145989634649
0.2	0.7853981633974483	-0.5	0.25	-2.938922320817768	0.4177111476022115
0.2	0.9162978572970231	1.	0.25	-2.6399469299626275	0.7229362370197692
0.2	1.0471975511965976	-0.5	0.25	-3.056382372399182	0.5471789307129498
0.2	1.1780972450961724	0.5	0.25	-3.0797800553108385	0.5907882455473006
0.2	1.3089969389957472	-1.	0.25	-2.8996225360809746	0.29825496955132613
0.2	1.4398966328953218	-0.5	0.25	-2.726970919887184	0.6120580203451016
0.3	-1.4398966328953218	0.	0.25	-2.9157592354698254	0.39468832532117704
0.3	-1.3089969389957472	0.5	0.25	-3.129926909183486	0.7480338734746608
0.3	-1.1780972450961724	0.	0.25	-3.066715069942437	1.1436944524245534
0.3	-1.0471975511965976	-1.	0.25	-2.858088212415702	1.2059998280911977
0.3	-0.9162978572970231	1.	0.25	-3.045252714539161	0.9925856332564353
0.3	-0.7853981633974483	-1.	0.25	-2.760965318740499	0.9206475684537226
0.3	-0.6544984694978736	0.5	0.25	-2.697335696982534	0.7450760889740057
0.3	-0.5235987755982988	-0.5	0.25	-2.833376074420618	1.4690192749919446
0.3	-0.39269908169872414	1.	0.25	-2.7176771716929014	0.35118640823553715
0.3	-0.2617993877991494	0.5	0.25	-2.7402957971836903	0.6816386859186854
0.3	-0.1308996938995747	1.	0.25	-2.6627969096380233	0.44605744317571494
0.3	0.	1.	0.25	-2.858878608428223	0.7721737497031054
0.3	0.1308996938995747	1.	0.25	-2.672298930788637	0.5910933126746276
0.3	0.2617993877991494	0.5	0.25	-2.7574514112245594	0.8152249697789234
0.3	0.39269908169872414	1.	0.25	-2.6437826976601912	1.036772830486176
0.3	0.5235987755982988	-0.5	0.25	-2.728066954371103	0.1766243859161316
0.3	0.6544984694978736	0.5	0.25	-2.8190416898978743	1.5108575640410127
0.3	0.7853981633974483	-1.	0.25	-2.6540061679246167	0.19279745772275225
0.3	0.9162978572970231	1.	0.25	-2.95161769104764	0.7695881851051617
0.3	1.0471975511965976	-1.	0.25	-2.566935597515955	0.3054143879613569
0.3	1.1780972450961724	0.	0.25	-2.8245493578787584	0.36931628912515
0.3	1.3089969389957472	0.5	0.25	-2.83225861286888	0.7758268903652323
0.3	1.4398966328953218	0.	0.25	-2.8182422970139878	0.3204274058506458
0.4	-1.4398966328953218	0.5	0.25	-3.02666773405324	1.0000132109244915
0.4	-1.3089969389957472	1.	0.25	-3.038640914266299	0.43874030742560755
0.4	-1.1780972450961724	0.5	0.25	-2.792479551974612	0.6863330674566972
0.4	-1.0471975511965976	0.	0.25	-2.7594205065233606	0.35954531507644427
0.4	-0.9162978572970231	0.5	0.25	-2.937351820799483	0.6026304624634897
0.4	-0.7853981633974483	1.	0.25	-2.6952441728576737	0.48491919734503663
0.4	-0.6544984694978736	1.	0.25	-2.796654615912082	0.34090464291992517
0.4	-0.5235987755982988	0.5	0.25	-2.837545321302304	0.8265162696136462
0.4	-0.39269908169872414	1.	0.25	-2.7724062479816323	0.4051921444323563
0.4	-0.2617993877991494	1.	0.25	-2.739795495847359	0.5008775307936897
0.4	-0.1308996938995747	1.	0.25	-2.7261161705937043	0.3680810458086241
0.4	0.	1.	0.25	-2.8334846505126614	0.7657158409342689
0.4	0.1308996938995747	1.	0.25	-2.791645553832827	0.8491962710976705
0.4	0.2617993877991494	1.	0.25	-2.7561682198978525	1.3903038886223367
0.4	0.39269908169872414	1.	0.25	-2.7285510807243094	0.9134389770129195
0.4	0.5235987755982988	0.5	0.25	-2.963160625616285	0.8688755394511861
0.4	0.6544984694978736	1.	0.25	-2.6576297880670166	1.0648760378381568
0.4	0.7853981633974483	1.	0.25	-2.3977113073535947	0.9927311760083672
0.4	0.9162978572970231	0.5	0.25	-2.845912040838728	0.8594693863053392
0.4	1.0471975511965976	0.	0.25	-2.7275036949209985	1.0953554161698127
0.4	1.1780972450961724	0.5	0.25	-2.6085280709255168	1.213156672905163
0.4	1.3089969389957472	1.	0.25	-2.8285447259751195	0.7094521181279954
0.4	1.4398966328953218	0.5	0.25	-2.889295302925779	0.7433290305653444
0.5	-1.4398966328953218	-0.5	0.25	-2.754912822694197	0.9260805573527959
0.5	-1.3089969389957472	0.	0.25	-2.889082500003359	0.4633843989185529
0.5	-1.1780972450961724	0.	0.25	-2.626056307173457	0.6268774306553444
0.5	-1.0471975511965976	0.	0.25	-2.798569903121444	1.0590048965696774
0.5	-0.9162978572970231	0.5	0.25	-2.8073557309832267	1.075944090609297
0.5	-0.7853981633974483	0.	0.25	-2.620671781874383	0.9034211230312914
0.5	-0.6544984694978736	1.	0.25	-2.5695608075596765	0.30207844889466684
0.5	-0.5235987755982988	0.	0.25	-2.5504062032766166	0.7076028207372618
0.5	-0.39269908169872414	0.	0.25	-2.5194218497099277	0.49566541371788797
0.5	-0.2617993877991494	0.	0.25	-2.5032397175583214	0.5298078868997558
0.5	-0.1308996938995747	1.	0.25	-2.8071603446967157	0.5513985885890962
0.5	0.	0.	0.25	-2.4898848971044627	0.310600573053454
0.5	0.1308996938995747	1.	0.25	-2.7511535418738475	0.957287247207156
0.5	0.2617993877991494	0.	0.25	-2.5334898080404273	0.3401241308097911
0.5	0.39269908169872414	0.	0.25	-2.477910344701916	0.2677497741785215
0.5	0.5235987755982988	0.	0.25	-2.5893407863961557	0.35015898069942186
0.5	0.6544984694978736	1.	0.25	-2.4726432138318346	0.6197903404846421
0.5	0.7853981633974483	0.	0.25	-2.6393744600244338	0.3636096847483221
0.5	0.9162978572970231	0.5	0.25	-2.864829332119871	0.7427361941973447
0.5	1.0471975511965976	0.	0.25	-2.6658456948698794	1.557626358572948
0.5	1.1780972450961724	0.	0.25	-2.3977762805724234	0.25272097995924936
0.5	1.3089969389957472	0.	0.25	-2.8421049663066054	0.7702669282330774
0.5	1.4398966328953218	-0.5	0.25	-2.544924388103132	0.3021947947894983
0.6	-1.4398966328953218	1.	0.25	-3.1101835310505552	0.40436448506049705
0.6	-1.3089969389957472	-1.	0.25	-2.682018380606404	0.5342991929128995
0.6	-1.1780972450961724	-0.5	0.25	-2.6945340969871516	0.9175948434887563
0.6	-1.0471975511965976	0.	0.25	-2.7024184226966534	0.870372070394587
0.6	-0.9162978572970231	1.	0.25	-2.89427507592257	0.8491544104417543
0.6	-0.7853981633974483	0.	0.25	-2.6351070424153424	0.8822587361141049
0.6	-0.6544984694978736	0.5	0.25	-2.4463079226443165	0.48506774057684443
0.6	-0.5235987755982988	1.	0.25	-2.8119004511387238	1.2871724560217208
0.6	-0.39269908169872414	-1.	0.25	-2.357594015424787	0.34335703374634075
0.6	-0.2617993877991494	-1.	0.25	-2.3888233918338164	0.2314554184344102
0.6	-0.1308996938995747	-0.5	0.25	-2.537293730363786	0.303903752149425
0.6	0.	-0.5	0.25	-2.5199446324682038	0.2475403203291724
0.6	0.1308996938995747	-0.5	0.25	-2.306069124549026	0.25529105263157237
0.6	0.2617993877991494	-1.	0.25	-2.3354502424047023	0.24506763393542963
0.6	0.39269908169872414	-1.	0.25	-2.443780051381458	0.21862819568458058
0.6	0.5235987755982988	1.	0.25	-2.5935986285469284	0.9573821746700878
0.6	0.6544984694978736	0.5	0.25	-2.3741249108999622	0.3155945344628901
0.6	0.7853981633974483	0.	0.25	-2.577248916527646	0.6640635205437813
0.6	0.9162978572970231	1.	0.25	-2.5818582217339383	0.7562297834880234
0.6	1.0471975511965976	0.	0.25	-2.737566371510841	0.7861778117473035
0.6	1.1780972450961724	-0.5	0.25	-2.5173343384422466	0.5375242003981162
0.6	1.3089969389957472	-1.	0.25	-2.563717968448115	0.26628922427100443
0.6	1.4398966328953218	1.	0.25	-2.6726843969865763	0.6989579300713012
0.7	-1.4398966328953218	1.	0.25	-2.9654012611919085	0.8341123277656235
0.7	-1.3089969389957472	0.5	0.25	-2.926404496983232	0.756348234027788
0.7	-1.1780972450961724	1.	0.25	-2.899938491247026	0.5169390861522489
0.7	-1.0471975511965976	0.	0.25	-2.539742918185524	0.8146996643667239
0.7	-0.9162978572970231	0.5	0.25	-2.636525266225413	0.8079203889484166
0.7	-0.7853981633974483	0.5	0.25	-2.5441686242399477	0.5907494050059456
0.7	-0.6544984694978736	0.5	0.25	-2.4662720073193287	0.3776469816761907
0.7	-0.5235987755982988	0.5	0.25	-2.4506750455347457	0.6098571163543349
0.7	-0.39269908169872414	0.5	0.25	-2.3648535766294927	0.3492005349397538
0.7	-0.2617993877991494	0.5	0.25	-2.3161892924474423	0.4625356226258348
0.7	-0.1308996938995747	0.5	0.25	-2.207293020655146	0.35399309052179284
0.7	0.	1.	0.25	-2.5549361580467784	0.6499973709642317
0.7	0.1308996938995747	0.5	0.25	-2.2908473859165683	0.39764499703764566
0.7	0.2617993877991494	0.5	0.25	-2.260598261389057	0.2034095760056862
0.7	0.39269908169872414	0.5	0.25	-2.305420827151895	0.20649452978681238
0.7	0.5235987755982988	0.5	0.25	-2.681252004362226	0.9245251619668798
0.7	0.6544984694978736	0.5	0.25	-2.2562426689075554	0.5550984629501132
0.7	0.7853981633974483	0.5	0.25	-2.396368955022747	0.9526238421436782
0.7	0.9162978572970231	0.5	0.25	-2.6047522948789466	0.7919834563175504
0.7	1.0471975511965976	0.	0.25	-2.236372773704359	0.2702301701390333
0.7	1.1780972450961724	1.	0.25	-2.4658835099358885	0.7308333544234178
0.7	1.3089969389957472	0.5	0.25	-2.4427743029998896	0.7255477055622191
0.7	1.4398966328953218	1.	0.25	-2.6246185090577407	0.7120672027712552
0.8	-1.4398966328953218	0.	0.25	-2.6304203013634666	0.2810265677622208
0.8	-1.3089969389957472	-0.5	0.25	-2.5989007476974786	0.38704017916441136
0.8	-1.1780972450961724	0.5	0.25	-2.6890275425386134	0.7794349511473881
0.8	-1.0471975511965976	-0.5	0.25	-2.4088244472250264	0.4909548935845318
0.8	-0.9162978572970231	0.	0.25	-2.533141069130436	1.1209144563666773
0.8	-0.7853981633974483	0.	0.25	-2.3945883658355114	0.47135007055627476
0.8	-0.6544984694978736	0.5	0.25	-2.4573197853743016	0.40901064647038976
0.8	-0.5235987755982988	0.	0.25	-2.2603132208641	0.29424614410685623
0.8	-0.39269908169872414	0.	0.25	-2.1785009667760775	0.2548107214798684
0.8	-0.2617993877991494	0.	0.25	-2.2464948118884225	0.23636155694837702
0.8	-0.1308996938995747	0.	0.25	-2.03234935946772	0.29726090852133524
0.8	0.	0.	0.25	-2.0980346947181103	0.24765982556107746
0.8	0.1308996938995747	0.	0.25	-2.1849504063976943	0.29330720996852144
0.8	0.2617993877991494	0.	0.25	-2.105064876598911	0.21505420753963755
0.8	0.39269908169872414	0.	0.25	-2.127751016405223	0.19076785655107686
0.8	0.5235987755982988	0.	0.25	-2.224962941807072	0.21523210920534486
0.8	0.6544984694978736	0.5	0.25	-2.246902864833469	0.2883029672837105
0.8	0.7853981633974483	0.	0.25	-2.2585436547271525	0.20916631664049867
0.8	0.9162978572970231	0.	0.25	-2.6315677558014583	0.26732419452361933
0.8	1.0471975511965976	-0.5	0.25	-2.271383424978148	0.33538594202485306
0.8	1.1780972450961724	0.5	0.25	-2.240826909444957	0.7027453744322857
0.8	1.3089969389957472	-0.5	0.25	-2.331709597917774	0.47687580469611857
0.8	1.4398966328953218	0.	0.25	-2.295265994255627	0.7285769177695083
0.9	-1.4398966328953218	-0.5	0.25	-2.573915380602186	0.3408914415455844
0.9	-1.3089969389957472	-0.5	0.25	-2.5704172048455045	0.6671278527978293
0.9	-1.1780972450961724	-0.5	0.25	-2.422859229627294	0.7458405708724964
0.9	-1.0471975511965976	-0.5	0.25	-2.380675514229558	0.9594117438250627
0.9	-0.9162978572970231	-0.5	0.25	-2.2708504293792555	0.5874671360440448
0.9	-0.7853981633974483	-0.5	0.25	-2.2272573761763943	0.6925973128053362
0.9	-0.6544984694978736	0.	0.25	-2.3108297969325324	0.5726361327889185
0.9	-0.5235987755982988	-0.5	0.25	-2.1737214047939037	0.30359657740029633
0.9	-0.39269908169872414	-0.5	0.25	-2.1193780335073145	0.21884262870863258
0.9	-0.2617993877991494	-0.5	0.25	-2.1478840974274633	0.22601036797259522
0.9	-0.1308996938995747	0.	0.25	-2.106522244052384	0.283039877444314
0.9	0.	-0.5	0.25	-2.142869641632128	0.25769953258502365
0.9	0.1308996938995747	0.	0.25	-2.3031728049591895	0.27960013397343153
0.9	0.2617993877991494	-0.5	0.25	-2.1407038948042243	0.18302806796935644
0.9	0.39269908169872414	-0.5	0.25	-2.355606021974099	0.22776360913255234
0.9	0.5235987755982988	-0.5	0.25	-2.127130550968649	0.21218863680483457
0.9	0.6544984694978736	0.	0.25	-2.287187171920064	0.2518976271606366
0.9	0.7853981633974483	-0.5	0.25	-2.0339036869261644	0.2283949867807371
0.9	0.9162978572970231	-0.5	0.25	-2.1335025365773066	0.17938684772140512
0.9	1.0471975511965976	-0.5	0.25	-2.285566971064297	0.729565251426179
0.9	1.1780972450961724	-0.5	0.25	-2.1442380688629155	0.4348319353390149
0.9	1.3089969389957472	-0.5	0.25	-2.4512813714129007	0.800419206387807
0.9	1.4398966328953218	-0.5	0.25	-2.2648472060547515	0.7204467486075335
1.	-1.3089969389957472	-1.	0.25	-2.2212602225273304	0.8198876452334873
1.	-1.1780972450961724	-1.	0.25	-2.251699808613162	0.5165937230633473
1.	-1.0471975511965976	-1.	0.25	-2.1454437322289217	0.9129567029181647
1.	-0.9162978572970231	-1.	0.25	-2.116033245391323	0.4187484373304904
1.	-0.7853981633974483	-1.	0.25	-1.926595896710893	0.9586329504157369
1.	-0.6544984694978736	-1.	0.25	-1.9934624559965712	0.40859214114694387
1.	-0.5235987755982988	-1.	0.25	-1.896078948621394	0.5219356580959399
1.	-0.39269908169872414	-1.	0.25	-1.9637846455563899	0.31574286791216444
1.	-0.2617993877991494	-1.	0.25	-1.884021893428803	0.25924820876331534
1.	-0.1308996938995747	-0.5	0.25	-1.9390909009234574	0.2607896317411381
1.	0.	-1.	0.25	-2.0360386185918866	0.16914472328297658
1.	0.1308996938995747	-0.5	0.25	-2.2411966365277705	0.17822257561451593
1.	0.2617993877991494	-1.	0.25	-2.0867761882318696	0.16953895011646514
1.	0.39269908169872414	-1.	0.25	-2.0761626154579145	0.2396919660564364
1.	0.5235987755982988	-1.	0.25	-1.9594371251253657	0.22057313603660078
1.	0.6544984694978736	-1.	0.25	-2.169249544536054	0.24618644321980132
1.	0.7853981633974483	-1.	0.25	-2.1840032946655934	0.18430016929020399
1.	0.9162978572970231	-1.	0.25	-2.1858915373171928	0.17572690807179314
1.	1.0471975511965976	-1.	0.25	-2.0649575773400928	0.3326172652683064
1.	1.1780972450961724	-1.	0.25	-2.3643518931982865	1.0202401852378413
1.	1.3089969389957472	-1.	0.25	-2.2253145828778207	0.32459858445466283
1.	-1.5707963267948966	-1.	0.25	-2.3700692386857076	0.28874031029422875
1.	1.5707963267948966	-1.	0.25	-2.050539609810831	0.7692394237764636
0.9	-1.5707963267948966	-1.	0.25	-2.425581528288259	0.8686527109178434
0.8	-1.5707963267948966	-1.	0.25	-2.6566465445485186	0.7139396632069586
0.7	-1.5707963267948966	-1.	0.25	-2.7248923111170833	0.7218727889900021
0.6	-1.5707963267948966	-1.	0.25	-2.578471552434776	0.7439829782119174
0.5	-1.5707963267948966	-1.	0.25	-2.4922864039792247	0.7090667994295926
0.4	-1.5707963267948966	-1.	0.25	-2.7865713019658376	0.6961612252872043
0.3	-1.5707963267948966	-1.	0.25	-2.4885188970536687	0.6843824175454641
0.2	-1.5707963267948966	-1.	0.25	-2.5507368498547973	0.6847286086321089
0.1	-1.5707963267948966	-1.	0.25	-2.4264720095031844	0.6863957886830984
0.1	1.5707963267948966	-1.	0.25	-2.3053282350627566	0.6907192431822253
0.2	1.5707963267948966	-1.	0.25	-2.2413488460252444	0.6946456513103317
0.3	1.5707963267948966	-1.	0.25	-2.1729261830524567	0.7005225360915414
0.4	1.5707963267948966	-1.	0.25	-2.264579093087438	0.6947049014031953
0.5	1.5707963267948966	-1.	0.25	-2.282162311896519	0.11489316214636314
0.6	1.5707963267948966	-1.	0.25	-2.2705616643867987	0.6964720135112316
0.7	1.5707963267948966	-1.	0.25	-2.5552938040709066	0.6865027632151732
0.8	1.5707963267948966	-1.	0.25	-2.5059571282657025	0.6890843675168873
0.9	1.5707963267948966	-1.	0.25	-2.2863613746250557	0.703406281072707
1.	-1.4398966328953218	-1.	0.25	-2.411222201091557	0.606364372846276
1.	1.4398966328953218	-1.	0.25	-2.2076807711395663	1.4250513376315315
0.1	-1.4398966328953218	0.	0.5	-2.8467961405554933	0.7232931607460137
0.1	-1.3089969389957472	0.5	0.5	-3.0034967610290364	0.8003608250305922
0.1	-1.1780972450961724	1.	0.5	-2.2939838420650007	0.6945846893997052
0.1	-1.0471975511965976	1.	0.5	-2.9810190711497593	0.6905378313131884
0.1	-0.9162978572970231	1.	0.5	-2.337001584999467	0.6955234973945855
0.1	-0.7853981633974483	1.	0.5	-3.080935624550647	0.7051226461529855
0.1	-0.6544984694978736	1.	0.5	-3.1642639223822013	0.7060379357852569
0.1	-0.5235987755982988	0.5	0.5	-3.214633554176778	0.7758261135173876
0.1	-0.39269908169872414	1.	0.5	-3.2153546569487514	0.6991433881670943
0.1	-0.2617993877991494	0.5	0.5	-2.961703850152022	0.7245037353049569
0.1	-0.1308996938995747	0.5	0.5	-3.0433120714096185	1.1557354738536643
0.1	0.	0.5	0.5	-2.9404840999456923	0.771331079177211
0.1	0.1308996938995747	0.5	0.5	-3.0528312334887273	0.8022448500263345
0.1	0.2617993877991494	0.5	0.5	-3.019346989221698	0.45062137440805916
0.1	0.39269908169872414	1.	0.5	-3.045131080665299	0.6944453861751613
0.1	0.5235987755982988	0.5	0.5	-2.9858885919467237	0.8062136064804596
0.1	0.6544984694978736	1.	0.5	-2.9819722648020353	0.6930488020115408
0.1	0.7853981633974483	1.	0.5	-2.928491843270891	0.6911697778360137
0.1	0.9162978572970231	1.	0.5	-2.2307405217933125	0.6940220432868655
0.1	1.0471975511965976	1.	0.5	-2.936615181502331	0.6900573601917237
0.1	1.1780972450961724	1.	0.5	-2.174118423627812	0.6931654623851865
0.1	1.3089969389957472	0.5	0.5	-2.991631105570203	0.817168744469329
0.1	1.4398966328953218	0.	0.5	-2.9329917789591655	0.8684963235710254
0.2	-1.4398966328953218	-0.5	0.5	-2.8476549209957733	0.7587237624248152
0.2	-1.3089969389957472	-1.	0.5	-2.9404647654326426	0.5103850825734175
0.2	-1.1780972450961724	0.5	0.5	-3.1997859307290435	0.31209573619327635
0.2	-1.0471975511965976	-0.5	0.5	-3.06027093918306	1.1499853415001333
0.2	-0.9162978572970231	1.	0.5	-2.732937346677169	0.7232719028563771
0.2	-0.7853981633974483	-0.5	0.5	-2.9524084156756683	0.9924455289297631
0.2	-0.6544984694978736	0.5	0.5	-3.104416440617494	0.7991228725412801
0.2	-0.5235987755982988	-0.5	0.5	-2.7211422468017656	0.46684296014617344
0.2	-0.39269908169872414	0.	0.5	-2.9930639604347555	1.1459204329558903
0.2	-0.2617993877991494	1.	0.5	-2.9886822222567226	0.7147595195783594
0.2	-0.1308996938995747	-0.5	0.5	-2.941171355434972	0.3910780845977062
0.2	0.	0.	0.5	-2.6579660380465047	0.7122862229219777
0.2	0.1308996938995747	-0.5	0.5	-2.800651885847655	0.5866998023765986
0.2	0.2617993877991494	1.	0.5	-2.696643755857332	0.7313934610590312
0.2	0.39269908169872414	0.	0.5	-2.971738289606238	1.0330412365027073
0.2	0.5235987755982988	-0.5	0.5	-2.6478470092291264	0.3922314521581962
0.2	0.6544984694978736	0.5	0.5	-3.129726854052358	0.7596251686763345
0.2	0.7853981633974483	-0.5	0.5	-2.972226967283454	0.39850780449074885
0.2	0.9162978572970231	1.	0.5	-2.603268133523196	0.7098370862814514
0.2	1.0471975511965976	-0.5	0.5	-3.1098939724272676	0.5576984896530892
0.2	1.1780972450961724	0.5	0.5	-3.271031791744375	0.78869069386389
0.2	1.3089969389957472	-1.	0.5	-2.9521537795433894	0.23093139477807711
0.2	1.4398966328953218	-0.5	0.5	-2.713523655868323	0.7938705586740312
0.3	-1.4398966328953218	0.	0.5	-3.167630874553302	0.5262945035677018
0.3	-1.3089969389957472	0.5	0.5	-3.2111781167139175	1.2040440614457308
0.3	-1.1780972450961724	0.	0.5	-3.162306051875182	1.1315646874738634
0.3	-1.0471975511965976	-1.	0.5	-2.9492265921745746	1.0016338614418245
0.3	-0.9162978572970231	1.	0.5	-3.0977892548528847	0.7322179857175031
0.3	-0.7853981633974483	-1.	0.5	-2.834325759571671	0.910502439670939
0.3	-0.6544984694978736	0.5	0.5	-2.706848165915284	0.72341323964419
0.3	-0.5235987755982988	-0.5	0.5	-2.897599204929083	0.49182067284956554
0.3	-0.39269908169872414	1.	0.5	-2.6824745699230195	0.6305862326454321
0.3	-0.2617993877991494	0.5	0.5	-2.7500252835890002	0.5037492088377398
0.3	-0.1308996938995747	1.	0.5	-2.636850617238482	1.026512337493219
0.3	0.	1.	0.5	-2.8325441883858797	0.7247429088917939
0.3	0.1308996938995747	1.	0.5	-2.6315625747594957	0.8669373893430135
0.3	0.2617993877991494	0.5	0.5	-2.7786441901296506	0.8149691573596847
0.3	0.39269908169872414	1.	0.5	-2.587056075634104	0.7830311572362881
0.3	0.5235987755982988	-0.5	0.5	-2.694648282719882	0.19789054382552274
0.3	0.6544984694978736	0.5	0.5	-2.8409800282508297	0.8549871560116631
0.3	0.7853981633974483	-1.	0.5	-2.622497428040276	0.15506432213793042
0.3	0.9162978572970231	1.	0.5	-2.9374272718838603	0.7290565523082922
0.3	1.0471975511965976	-1.	0.5	-2.5430460871107576	0.2864234973596764
0.3	1.1780972450961724	0.	0.5	-2.8190293139111104	0.5882143099890194
0.3	1.3089969389957472	0.5	0.5	-2.831177482292155	0.7490473701006655
0.3	1.4398966328953218	0.	0.5	-2.7911620499057888	0.42543068399566963
0.4	-1.4398966328953218	0.5	0.5	-3.063238101200397	0.8289302743141485
0.4	-1.3089969389957472	1.	0.5	-3.214008841612082	0.9667673743543994
0.4	-1.1780972450961724	0.5	0.5	-2.795184689160867	0.6619826282979415
0.4	-1.0471975511965976	0.	0.5	-2.8669787848485124	0.3935600297193893
0.4	-0.9162978572970231	0.5	0.5	-2.9944036659090845	0.46905210048031964
0.4	-0.7853981633974483	1.	0.5	-2.7057221763176407	0.49579129869276173
0.4	-0.6544984694978736	1.	0.5	-2.791835739332013	0.6046817441721462
0.4	-0.5235987755982988	0.5	0.5	-2.8751732302744926	0.981208102332519
0.4	-0.39269908169872414	1.	0.5	-2.756415161042929	1.1082938863299503
0.4	-0.2617993877991494	1.	0.5	-2.695752940913082	1.0381441759602494
0.4	-0.1308996938995747	1.	0.5	-2.6921628639077437	0.7944211309571736
0.4	0.	1.	0.5	-2.7877068874717494	0.7230695483688734
0.4	0.1308996938995747	1.	0.5	-2.7396508066903555	0.7398740442449083
0.4	0.2617993877991494	1.	0.5	-2.695810765166355	0.8095840080030648
0.4	0.39269908169872414	1.	0.5	-2.6906054969217394	0.7814080308420487
0.4	0.5235987755982988	0.5	0.5	-2.9844462463114563	0.7419690350304347
0.4	0.6544984694978736	1.	0.5	-2.599737549789015	0.9652539156374046
0.4	0.7853981633974483	1.	0.5	-2.3475997348047892	1.0524947061049705
0.4	0.9162978572970231	0.5	0.5	-2.8190149992481426	0.8051260491917219
0.4	1.0471975511965976	0.	0.5	-2.717062365948295	0.8082574968914327
0.4	1.1780972450961724	0.5	0.5	-2.572698531219616	0.9598799906587044
0.4	1.3089969389957472	1.	0.5	-2.8279690542890545	0.7072381447957903
0.4	1.4398966328953218	0.5	0.5	-2.972825345662127	0.7139439564594297
0.5	-1.4398966328953218	-0.5	0.5	-2.8020662083270564	1.4463299862055108
0.5	-1.3089969389957472	0.	0.5	-2.945841756721697	0.4500047815069643
0.5	-1.1780972450961724	0.	0.5	-2.600072786782877	0.4466617230952532
0.5	-1.0471975511965976	0.	0.5	-2.8239698271962412	0.9881973078449695
0.5	-0.9162978572970231	0.5	0.5	-2.870818660650856	0.5350476705448604
0.5	-0.7853981633974483	0.	0.5	-2.619113612789182	0.7930419122595381
0.5	-0.6544984694978736	1.	0.5	-2.5554153237870616	0.2976687262527675
0.5	-0.5235987755982988	0.	0.5	-2.5296556820982046	0.8608657743314663
0.5	-0.39269908169872414	0.	0.5	-2.4668254813328683	0.9186285622253272
0.5	-0.2617993877991494	0.	0.5	-2.4535336935955145	0.6778843139542583
0.5	-0.1308996938995747	1.	0.5	-2.755496817205695	0.8753580904115952
0.5	0.	0.	0.5	-2.437878845730095	0.30419866609024027
0.5	0.1308996938995747	1.	0.5	-2.7063932928857275	0.7779468232215673
0.5	0.2617993877991494	0.	0.5	-2.501957453298105	0.3875845592293321
0.5	0.39269908169872414	0.	0.5	-2.4229804946648623	0.28279111641055876
0.5	0.5235987755982988	0.	0.5	-2.550527656103043	0.4435574487480951
0.5	0.6544984694978736	1.	0.5	-2.414793903257198	0.6820137745055443
0.5	0.7853981633974483	0.	0.5	-2.5898466591295457	0.6064065601432793
0.5	0.9162978572970231	0.5	0.5	-2.8791205073417356	0.7677923611137752
0.5	1.0471975511965976	0.	0.5	-2.572281191232424	0.8868760235659686
0.5	1.1780972450961724	0.	0.5	-2.418132469520506	0.5128086248768962
0.5	1.3089969389957472	0.	0.5	-2.8537791421619705	0.7104421355041363
0.5	1.4398966328953218	-0.5	0.5	-2.495753882658204	0.5064137698754656
0.6	-1.4398966328953218	1.	0.5	-3.2174981825841766	0.34417023421304815
0.6	-1.3089969389957472	-1.	0.5	-2.788178238223045	0.6803745395934733
0.6	-1.1780972450961724	-0.5	0.5	-2.727541537802668	0.840437334123778
0.6	-1.0471975511965976	0.	0.5	-2.7326999178639038	0.828548701290197
0.6	-0.9162978572970231	1.	0.5	-2.9216185175024822	0.8824077192934028
0.6	-0.7853981633974483	0.	0.5	-2.6442040827039404	0.9311982042462673
0.6	-0.6544984694978736	0.5	0.5	-2.4177771035465	0.8510540412521912
0.6	-0.5235987755982988	1.	0.5	-2.792024855080236	1.0106882363976648
0.6	-0.39269908169872414	-1.	0.5	-2.3439816569336234	0.4800806444743413
0.6	-0.2617993877991494	-1.	0.5	-2.3687725569225715	0.25981125347188416
0.6	-0.1308996938995747	-0.5	0.5	-2.508771271531232	0.2822268549377811
0.6	0.	-0.5	0.5	-2.5009165781144236	0.2878202554129907
0.6	0.1308996938995747	-0.5	0.5	-2.2219321930784055	0.26107117586158823
0.6	0.2617993877991494	-1.	0.5	-2.2575178634302002	0.25335684532399116
0.6	0.39269908169872414	-1.	0.5	-2.4376120435741035	0.21389782133673685
0.6	0.5235987755982988	1.	0.5	-2.568234064738753	0.8921189833641903
0.6	0.6544984694978736	0.5	0.5	-2.317203409972196	0.3908258386625141
0.6	0.7853981633974483	0.	0.5	-2.4910135389872043	0.8707845253677342
0.6	0.9162978572970231	1.	0.5	-2.5386880548195303	0.7458180326227389
0.6	1.0471975511965976	0.	0.5	-2.6575595538863723	0.757064620445335
0.6	1.1780972450961724	-0.5	0.5	-2.4330680156082187	0.5372202157453203
0.6	1.3089969389957472	-1.	0.5	-2.4606187940044686	0.29856414402050646
0.6	1.4398966328953218	1.	0.5	-2.6593100885256886	0.6963571747818595
0.7	-1.4398966328953218	1.	0.5	-3.0845644613354035	0.7325423425748451
0.7	-1.3089969389957472	0.5	0.5	-3.020080182301933	0.7317493864595035
0.7	-1.1780972450961724	1.	0.5	-2.962273762866125	0.4385709852944739
0.7	-1.0471975511965976	0.	0.5	-2.5094954141178385	0.943277182394981
0.7	-0.9162978572970231	0.5	0.5	-2.6603573289055094	0.8165370099841263
0.7	-0.7853981633974483	0.5	0.5	-2.5509059870583757	0.6894903988914389
0.7	-0.6544984694978736	0.5	0.5	-2.4519381552887154	0.4464544225236877
0.7	-0.5235987755982988	0.5	0.5	-2.4419635138711984	1.2305665805626067
0.7	-0.39269908169872414	0.5	0.5	-2.3014941270781497	0.4760223462592965
0.7	-0.2617993877991494	0.5	0.5	-2.24095760411642	0.7473822257747426
0.7	-0.1308996938995747	0.5	0.5	-2.1628913604370283	0.5056742350120584
0.7	0.	1.	0.5	-2.461141218234148	0.9802543382579766
0.7	0.1308996938995747	0.5	0.5	-2.2526093006150334	0.47611096493393557
0.7	0.2617993877991494	0.5	0.5	-2.2169264719154524	0.23817972562630518
0.7	0.39269908169872414	0.5	0.5	-2.2385795558555426	0.25422127456643007
0.7	0.5235987755982988	0.5	0.5	-2.6427273994074034	0.8056752548001551
0.7	0.6544984694978736	0.5	0.5	-2.1943848326702806	0.8344777057398806
0.7	0.7853981633974483	0.5	0.5	-2.3145509129694255	0.8492408967168731
0.7	0.9162978572970231	0.5	0.5	-2.583878726481329	0.8043195219430903
0.7	1.0471975511965976	0.	0.5	-2.1352131737231392	0.2710891883424459
0.7	1.1780972450961724	1.	0.5	-2.4405864541502065	0.7437535763926245
0.7	1.3089969389957472	0.5	0.5	-2.4264917930455825	0.7200808716429649
0.7	1.4398966328953218	1.	0.5	-2.6360679510806597	0.7111667037417584
0.8	-1.4398966328953218	0.	0.5	-2.735300106748277	0.3575632488714282
0.8	-1.3089969389957472	-0.5	0.5	-2.664101665622624	0.500116339585458
0.8	-1.1780972450961724	0.5	0.5	-2.7169787199769817	0.7481967797090439
0.8	-1.0471975511965976	-0.5	0.5	-2.375725086194659	0.4744922944087806
0.8	-0.9162978572970231	0.	0.5	-2.5193290104090025	0.7953207090653489
0.8	-0.7853981633974483	0.	0.5	-2.3742122246965716	0.5854044535792329
0.8	-0.6544984694978736	0.5	0.5	-2.4126502149645614	0.4286797089979433
0.8	-0.5235987755982988	0.	0.5	-2.2126610845271513	0.3405843810411501
0.8	-0.39269908169872414	0.	0.5	-2.1206888609014376	0.2702786908821275
0.8	-0.2617993877991494	0.	0.5	-2.2127088135358814	0.25654205790137463
0.8	-0.1308996938995747	0.	0.5	-1.977456391709828	0.32894743447885444
0.8	0.	0.	0.5	-2.044441221836911	0.2609133132714372
0.8	0.1308996938995747	0.	0.5	-2.1300670257788976	0.37415305258949516
0.8	0.2617993877991494	0.	0.5	-2.0471412189018907	0.25471428459313417
0.8	0.39269908169872414	0.	0.5	-2.0481140016484	0.2056124572384953
0.8	0.5235987755982988	0.	0.5	-2.1294942064475078	0.23311337493564377
0.8	0.6544984694978736	0.5	0.5	-2.189494684958653	0.3482042002234148
0.8	0.7853981633974483	0.	0.5	-2.205236012804978	0.2626344781942678
0.8	0.9162978572970231	0.	0.5	-2.603353640787008	0.30543454342773146
0.8	1.0471975511965976	-0.5	0.5	-2.1542510772035324	0.32389623936065914
0.8	1.1780972450961724	0.5	0.5	-2.230668374037927	0.7087408691368303
0.8	1.3089969389957472	-0.5	0.5	-2.2557016222620048	0.4199179200416443
0.8	1.4398966328953218	0.	0.5	-2.2701346962387126	0.8062803366934611
0.9	-1.4398966328953218	-0.5	0.5	-2.650954528338225	0.41965147758973664
0.9	-1.3089969389957472	-0.5	0.5	-2.576379981769383	0.9126236123109868
0.9	-1.1780972450961724	-0.5	0.5	-2.4141862097825375	0.7655034700049461
0.9	-1.0471975511965976	-0.5	0.5	-2.354786326692408	0.8360379095103475
0.9	-0.9162978572970231	-0.5	0.5	-2.185542091914911	1.1813935241722098
0.9	-0.7853981633974483	-0.5	0.5	-2.1619447640605878	0.5389820038695305
0.9	-0.6544984694978736	0.	0.5	-2.2741766529082175	0.5816662221100835
0.9	-0.5235987755982988	-0.5	0.5	-2.110708958007551	0.3547107243907974
0.9	-0.39269908169872414	-0.5	0.5	-2.0444094086538045	0.20696001725510405
0.9	-0.2617993877991494	-0.5	0.5	-2.1052802938186006	0.21625734777777816
0.9	-0.1308996938995747	0.	0.5	-2.0542184051391863	0.31137153665308615
0.9	0.	-0.5	0.5	-2.0866084354925722	0.2833635252856256
0.9	0.1308996938995747	0.	0.5	-2.2558119104351433	0.33072899577238046
0.9	0.2617993877991494	-0.5	0.5	-2.074528371314962	0.22813706084486496
0.9	0.39269908169872414	-0.5	0.5	-2.288594000527359	0.2640299475287782
0.9	0.5235987755982988	-0.5	0.5	-2.0062717903271037	0.23918809745518743
0.9	0.6544984694978736	0.	0.5	-2.2188161454608135	0.32473386203931276
0.9	0.7853981633974483	-0.5	0.5	-1.941054752036669	0.2564129324077494
0.9	0.9162978572970231	-0.5	0.5	-2.0447829132230853	0.19850278382276998
0.9	1.0471975511965976	-0.5	0.5	-2.204235999024247	0.6053080224577116
0.9	1.1780972450961724	-0.5	0.5	-2.0456735431435003	0.34445273871660065
0.9	1.3089969389957472	-0.5	0.5	-2.386122096488991	0.7662289004740226
0.9	1.4398966328953218	-0.5	0.5	-2.156982298768116	0.7171156838711791
1.	-1.3089969389957472	-1.	0.5	-2.240047762277417	0.8677883894960321
1.	-1.1780972450961724	-1.	0.5	-2.1995081752790187	0.39775672031947207
1.	-1.0471975511965976	-1.	0.5	-2.106584521130637	0.8367053101667935
1.	-0.9162978572970231	-1.	0.5	-2.0565089257612583	0.9955308041148114
1.	-0.7853981633974483	-1.	0.5	-1.8573763269836658	0.7887716076036655
1.	-0.6544984694978736	-1.	0.5	-1.9323266935116588	0.5726508008777317
1.	-0.5235987755982988	-1.	0.5	-1.8526498747011688	0.556439854418846
1.	-0.39269908169872414	-1.	0.5	-1.9281398957611378	0.34980130896323713
1.	-0.2617993877991494	-1.	0.5	-1.8328121956695218	0.21370208994565654
1.	-0.1308996938995747	-0.5	0.5	-1.8832654804362983	0.22945557340965816
1.	0.	-1.	0.5	-1.971723531857711	0.14181959902032493
1.	0.1308996938995747	-0.5	0.5	-2.1820246561461594	0.23283132950308882
1.	0.2617993877991494	-1.	0.5	-2.039703523835698	0.2143416457456674
1.	0.39269908169872414	-1.	0.5	-1.9875175150280704	0.2509468684920865
1.	0.5235987755982988	-1.	0.5	-1.8490949328830402	0.2103957721466373
1.	0.6544984694978736	-1.	0.5	-2.0245998869263295	0.2485589283927252
1.	0.7853981633974483	-1.	0.5	-2.0631581795341187	0.1622276396029423
1.	0.9162978572970231	-1.	0.5	-2.0445019670211892	0.1608399850771165
1.	1.0471975511965976	-1.	0.5	-1.9380097795450981	0.3269410102770799
1.	1.1780972450961724	-1.	0.5	-2.252371669137853	1.069454533872781
1.	1.3089969389957472	-1.	0.5	-2.133081399749629	0.2800783344971004
1.	-1.5707963267948966	-1.	0.5	-2.468094596454126	0.6398476895564018
1.	1.5707963267948966	-1.	0.5	-2.0690152990543518	0.7234185724018307
0.9	-1.5707963267948966	-1.	0.5	-2.5343130183581226	0.7142088359019372
0.8	-1.5707963267948966	-1.	0.5	-2.6205516078826725	0.6959602000117385
0.7	-1.5707963267948966	-1.	0.5	-2.6967076409566904	0.6985038745059037
0.6	-1.5707963267948966	-1.	0.5	-2.7028012796225487	0.6966884850731744
0.5	-1.5707963267948966	-1.	0.5	-2.59083568852351	0.6902766617863002
0.4	-1.5707963267948966	-1.	0.5	-2.82041376430555	0.69373077395241
0.3	-1.5707963267948966	-1.	0.5	-2.44583180953282	0.6841084298913533
0.2	-1.5707963267948966	-1.	0.5	-2.510137450325414	0.6844384180445726
0.1	-1.5707963267948966	-1.	0.5	-2.4532114424308586	0.6844394083419816
0.1	1.5707963267948966	-1.	0.5	-2.3461248929945078	0.6865644174812071
0.2	1.5707963267948966	-1.	0.5	-2.280551184121744	0.6898332778787771
0.3	1.5707963267948966	-1.	0.5	-2.213611465958004	0.6939059780189586
0.4	1.5707963267948966	-1.	0.5	-2.190427032577552	0.6943137719971859
0.5	1.5707963267948966	-1.	0.5	-2.4017420688704045	0.2189038776539427
0.6	1.5707963267948966	-1.	0.5	-2.3464283889408013	0.6892278616576061
0.7	1.5707963267948966	-1.	0.5	-2.4645525021383254	0.6865271625714395
0.8	1.5707963267948966	-1.	0.5	-2.3876857927517894	0.6901476907757126
0.9	1.5707963267948966	-1.	0.5	-2.3274048682316804	0.6925260941057712
1.	-1.4398966328953218	-1.	0.5	-2.4527846987951594	1.2562683614768464
1.	1.4398966328953218	-1.	0.5	-2.1215885289214693	0.8671307004141663
0.1	-1.4398966328953218	0.	0.75	-2.8338274523529337	0.7026841579680817
0.1	-1.3089969389957472	0.5	0.75	-3.0111937821405186	0.7709358526307001
0.1	-1.1780972450961724	1.	0.75	-2.3136194220340442	0.6935103979539997
0.1	-1.0471975511965976	1.	0.75	-2.85893652496766	0.687360988131116
0.1	-0.9162978572970231	1.	0.75	-2.343133016530051	0.6944971411567087
0.1	-0.7853981633974483	1.	0.75	-3.057905919680958	0.6894907229368598
0.1	-0.6544984694978736	1.	0.75	-3.1050679384823776	0.6905365611869237
0.1	-0.5235987755982988	0.5	0.75	-3.3009498618371005	0.7457968235259859
0.1	-0.39269908169872414	1.	0.75	-3.1354222892119696	0.6883598422018924
0.1	-0.2617993877991494	0.5	0.75	-3.0388419984587127	0.7157809992699069
0.1	-0.1308996938995747	0.5	0.75	-3.1009503274451764	0.7873622323077354
0.1	0.	0.5	0.75	-2.959141144860948	0.7225454915899716
0.1	0.1308996938995747	0.5	0.75	-3.1038139155386437	0.7924377784669956
0.1	0.2617993877991494	0.5	0.75	-3.053835494161798	0.7274474364359345
0.1	0.39269908169872414	1.	0.75	-2.9564523737143755	0.6881727676716355
0.1	0.5235987755982988	0.5	0.75	-3.075843689916307	0.7557461469352693
0.1	0.6544984694978736	1.	0.75	-2.95098303624015	0.6879922790435875
0.1	0.7853981633974483	1.	0.75	-2.889222860515721	0.6883087415486431
0.1	0.9162978572970231	1.	0.75	-2.209986974814934	0.6922847218033379
0.1	1.0471975511965976	1.	0.75	-2.9260653215900865	0.6875463724077511
0.1	1.1780972450961724	1.	0.75	-2.167706141621641	0.6922006375101087
0.1	1.3089969389957472	0.5	0.75	-3.026337817138141	0.7957054284570259
0.1	1.4398966328953218	0.	0.75	-2.9767168642373267	0.7452963651434265
0.2	-1.4398966328953218	-0.5	0.75	-2.943772114474263	0.7549388033493232
0.2	-1.3089969389957472	-1.	0.75	-3.0544550038274227	1.0902409092368979
0.2	-1.1780972450961724	0.5	0.75	-3.3064924331954737	0.312116204860724
0.2	-1.0471975511965976	-0.5	0.75	-3.1811657913494313	0.6210205157305349
0.2	-0.9162978572970231	1.	0.75	-2.7533189576314947	0.7034187073919659
0.2	-0.7853981633974483	-0.5	0.75	-3.0088522224216043	0.7560316295031392
0.2	-0.6544984694978736	0.5	0.75	-3.160987033129615	0.7375259712231808
0.2	-0.5235987755982988	-0.5	0.75	-2.7539679870168357	0.9372997249616883
0.2	-0.39269908169872414	0.	0.75	-3.052686015968721	0.7645732656331772
0.2	-0.2617993877991494	1.	0.75	-2.9456311714801684	0.6950272671936915
0.2	-0.1308996938995747	-0.5	0.75	-2.986652203823253	0.5584391756893516
0.2	0.	0.	0.75	-2.6361176943394065	0.6962103723461681
0.2	0.1308996938995747	-0.5	0.75	-2.8023273646389772	1.3589155586117339
0.2	0.2617993877991494	1.	0.75	-2.6295999179623526	0.7065947695731291
0.2	0.39269908169872414	0.	0.75	-3.0050900777627456	0.8255848433902042
0.2	0.5235987755982988	-0.5	0.75	-2.6644629396320867	1.076391238967501
0.2	0.6544984694978736	0.5	0.75	-3.1684728524619232	0.7306464406931311
0.2	0.7853981633974483	-0.5	0.75	-2.989749188937649	0.7204137627386147
0.2	0.9162978572970231	1.	0.75	-2.6470690212921633	0.7094096698782799
0.2	1.0471975511965976	-0.5	0.75	-3.234716420914395	0.8106273356853346
0.2	1.1780972450961724	0.5	0.75	-3.383031510467907	0.7527175740978965
0.2	1.3089969389957472	-1.	0.75	-3.1542310155492967	0.629142427294828
0.2	1.4398966328953218	-0.5	0.75	-2.711088793409322	0.7289244172222146
0.3	-1.4398966328953218	0.	0.75	-3.20389392420888	0.4572453104717349
0.3	-1.3089969389957472	0.5	0.75	-3.264609611154193	0.8640909328032627
0.3	-1.1780972450961724	0.	0.75	-3.242365669546562	1.6473854777066723
0.3	-1.0471975511965976	-1.	0.75	-3.0136926000591133	0.8784424638412661
0.3	-0.9162978572970231	1.	0.75	-3.1262278474173293	0.7042668999624295
0.3	-0.7853981633974483	-1.	0.75	-2.8913261782734576	0.9043741102534697
0.3	-0.6544984694978736	0.5	0.75	-2.764900555837392	0.7140720795536977
0.3	-0.5235987755982988	-0.5	0.75	-2.9165202748308356	0.5399535881939195
0.3	-0.39269908169872414	1.	0.75	-2.676098491474725	0.7926664945375334
0.3	-0.2617993877991494	0.5	0.75	-2.7927721867743185	0.37796053976965016
0.3	-0.1308996938995747	1.	0.75	-2.6122636673391555	0.7430020066174482
0.3	0.	1.	0.75	-2.8101141572537065	0.7063894338233898
0.3	0.1308996938995747	1.	0.75	-2.612778835070411	0.7528363799176759
0.3	0.2617993877991494	0.5	0.75	-2.8183414375841247	0.8377855721479368
0.3	0.39269908169872414	1.	0.75	-2.5678592965409206	0.73773123822307
0.3	0.5235987755982988	-0.5	0.75	-2.6852627595605827	0.31710481203742846
0.3	0.6544984694978736	0.5	0.75	-2.883798503144936	0.809519049768513
0.3	0.7853981633974483	-1.	0.75	-2.6184762042068144	0.20566814922177934
0.3	0.9162978572970231	1.	0.75	-2.97279572357784	0.7147896277332075
0.3	1.0471975511965976	-1.	0.75	-2.5460528141953778	0.2878069920250126
0.3	1.1780972450961724	0.	0.75	-2.8058716640338552	0.85237998354128
0.3	1.3089969389957472	0.5	0.75	-2.857182540474164	0.7382032163947094
0.3	1.4398966328953218	0.	0.75	-2.826427012777981	0.7985683491836296
0.4	-1.4398966328953218	0.5	0.75	-3.1153930693274594	0.8302885793005418
0.4	-1.3089969389957472	1.	0.75	-3.3169761943654814	0.8202136841607539
0.4	-1.1780972450961724	0.5	0.75	-2.8036000919558375	0.5609901492330542
0.4	-1.0471975511965976	0.	0.75	-2.8750101142504683	0.3654023586310988
0.4	-0.9162978572970231	0.5	0.75	-3.05834230949965	0.4956628854524361
0.4	-0.7853981633974483	1.	0.75	-2.7516801847650108	0.5967148314861916
0.4	-0.6544984694978736	1.	0.75	-2.815009073143746	0.8126448714580723
0.4	-0.5235987755982988	0.5	0.75	-2.8931828358230534	0.9242135461439707
0.4	-0.39269908169872414	1.	0.75	-2.74444585162359	0.7900576386256949
0.4	-0.2617993877991494	1.	0.75	-2.665751084384692	0.7691540278323309
0.4	-0.1308996938995747	1.	0.75	-2.6576855062631743	0.7572565139134912
0.4	0.	1.	0.75	-2.7590528019472895	0.7060650674383975
0.4	0.1308996938995747	1.	0.75	-2.710061720691603	0.7170814189542566
0.4	0.2617993877991494	1.	0.75	-2.6857686010485233	0.7626949828652051
0.4	0.39269908169872414	1.	0.75	-2.6936470277906026	0.7700743535636597
0.4	0.5235987755982988	0.5	0.75	-2.9989446111656846	0.7199761520712123
0.4	0.6544984694978736	1.	0.75	-2.5823836898591215	0.9293830736117112
0.4	0.7853981633974483	1.	0.75	-2.3472290290465883	1.3101400917070165
0.4	0.9162978572970231	0.5	0.75	-2.7959058895004882	0.787072465578905
0.4	1.0471975511965976	0.	0.75	-2.6982482753005272	0.7478641476765521
0.4	1.1780972450961724	0.5	0.75	-2.5492408379047458	0.9280914685210432
0.4	1.3089969389957472	1.	0.75	-2.8676540958227235	0.7112976255091372
0.4	1.4398966328953218	0.5	0.75	-2.9681258537265864	0.7119373502894742
0.5	-1.4398966328953218	-0.5	0.75	-2.8775620006909093	0.9122272869286108
0.5	-1.3089969389957472	0.	0.75	-3.030968209702804	0.7207436277586197
0.5	-1.1780972450961724	0.	0.75	-2.6057346673638526	0.3590151934411405
0.5	-1.0471975511965976	0.	0.75	-2.8606306906442813	0.918369958420893
0.5	-0.9162978572970231	0.5	0.75	-2.9398776323196647	0.5312037025553444
0.5	-0.7853981633974483	0.	0.75	-2.605657013764894	0.7206640444658052
0.5	-0.6544984694978736	1.	0.75	-2.6090540548036376	0.32738269316838964
0.5	-0.5235987755982988	0.	0.75	-2.4836953518390614	0.7386896567514576
0.5	-0.39269908169872414	0.	0.75	-2.4277384401276714	0.8547842412111556
0.5	-0.2617993877991494	0.	0.75	-2.4187560211172023	0.9959954275623984
0.5	-0.1308996938995747	1.	0.75	-2.68537131708935	0.7378217679042844
0.5	0.	0.	0.75	-2.4170701935349297	0.2981129047931599
0.5	0.1308996938995747	1.	0.75	-2.683749556236545	0.7465014477211221
0.5	0.2617993877991494	0.	0.75	-2.492897184525492	0.38207059504862295
0.5	0.39269908169872414	0.	0.75	-2.3959750735046312	0.3533261754045416
0.5	0.5235987755982988	0.	0.75	-2.5197556142734134	1.2206263712532432
0.5	0.6544984694978736	1.	0.75	-2.3900052397045	0.5530119783639067
0.5	0.7853981633974483	0.	0.75	-2.5399251159920366	0.8676360609040803
0.5	0.9162978572970231	0.5	0.75	-2.8898934546681967	0.9055066953331581
0.5	1.0471975511965976	0.	0.75	-2.5001747869842976	0.8014426250393967
0.5	1.1780972450961724	0.	0.75	-2.352741619898632	1.031465986650521
0.5	1.3089969389957472	0.	0.75	-2.7851651070285652	0.6989704789460162
0.5	1.4398966328953218	-0.5	0.75	-2.469008968967535	0.8350639479261124
0.6	-1.4398966328953218	1.	0.75	-3.3367578233925665	0.3367763208129304
0.6	-1.3089969389957472	-1.	0.75	-2.8419458385797194	1.1285617581179466
0.6	-1.1780972450961724	-0.5	0.75	-2.7570153622294717	0.810306776150019
0.6	-1.0471975511965976	0.	0.75	-2.7546587865435144	0.7934324199301356
0.6	-0.9162978572970231	1.	0.75	-2.972029460277953	0.7813426177658045
0.6	-0.7853981633974483	0.	0.75	-2.6470018712266272	0.8667995553744227
0.6	-0.6544984694978736	0.5	0.75	-2.414904378701958	0.8352904677395058
0.6	-0.5235987755982988	1.	0.75	-2.80354733601729	1.072846330133662
0.6	-0.39269908169872414	-1.	0.75	-2.3187923876734655	0.979572495613487
0.6	-0.2617993877991494	-1.	0.75	-2.3316231365183744	0.25450848585006436
0.6	-0.1308996938995747	-0.5	0.75	-2.4843078336917883	0.28417726464389537
0.6	0.	-0.5	0.75	-2.490957934725184	0.4013458304870692
0.6	0.1308996938995747	-0.5	0.75	-2.180932104463596	0.27303059272342045
0.6	0.2617993877991494	-1.	0.75	-2.196529707395078	0.27541192428208694
0.6	0.39269908169872414	-1.	0.75	-2.446366066296532	0.2670112719492068
0.6	0.5235987755982988	1.	0.75	-2.5781975131996324	0.8454348310081423
0.6	0.6544984694978736	0.5	0.75	-2.2817605997205876	0.42778064531606574
0.6	0.7853981633974483	0.	0.75	-2.4122205785214277	1.0253131418271373
0.6	0.9162978572970231	1.	0.75	-2.54163555582244	0.7410124754796903
0.6	1.0471975511965976	0.	0.75	-2.5838580205608426	0.7388256653250761
0.6	1.1780972450961724	-0.5	0.75	-2.3730617362996616	0.6399616600275915
0.6	1.3089969389957472	-1.	0.75	-2.404999645909495	0.35835050068720764
0.6	1.4398966328953218	1.	0.75	-2.707923785856825	0.6949849905925819
0.7	-1.4398966328953218	1.	0.75	-3.1983116695610727	0.7054160985618054
0.7	-1.3089969389957472	0.5	0.75	-3.135093459609875	0.7478098869190528
0.7	-1.1780972450961724	1.	0.75	-3.0471526433668195	0.4204903354573426
0.7	-1.0471975511965976	0.	0.75	-2.4729829381384323	0.8643821049467504
0.7	-0.9162978572970231	0.5	0.75	-2.678164177750279	0.7750861777445246
0.7	-0.7853981633974483	0.5	0.75	-2.567264881992988	1.1595035108506502
0.7	-0.6544984694978736	0.5	0.75	-2.4492020962481407	0.8009370124987425
0.7	-0.5235987755982988	0.5	0.75	-2.4465404037578993	0.7932987101018665
0.7	-0.39269908169872414	0.5	0.75	-2.2648113485734567	1.4388046630084845
0.7	-0.2617993877991494	0.5	0.75	-2.2085558511198013	0.8800626704993376
0.7	-0.1308996938995747	0.5	0.75	-2.1697646276095037	1.0895548967125461
0.7	0.	1.	0.75	-2.4064081972767384	0.8608533068856941
0.7	0.1308996938995747	0.5	0.75	-2.2393939344055274	0.5293128446809404
0.7	0.2617993877991494	0.5	0.75	-2.186046692312933	0.3473378018723
0.7	0.39269908169872414	0.5	0.75	-2.1978759532555623	0.3495572885402304
0.7	0.5235987755982988	0.5	0.75	-2.6472405652165247	0.7578742217529669
0.7	0.6544984694978736	0.5	0.75	-2.1753021115523397	1.1256364653736102
0.7	0.7853981633974483	0.5	0.75	-2.262202260693987	0.8149152451494565
0.7	0.9162978572970231	0.5	0.75	-2.6109909106263722	1.0988132606200351
0.7	1.0471975511965976	0.	0.75	-2.0620845111387482	0.30168671719640205
0.7	1.1780972450961724	1.	0.75	-2.446411170890412	0.7681064264645192
0.7	1.3089969389957472	0.5	0.75	-2.392721243591939	0.7201610800976588
0.7	1.4398966328953218	1.	0.75	-2.680544296722257	0.7115806888643602
0.8	-1.4398966328953218	0.	0.75	-2.8221895579246783	0.5040560978384927
0.8	-1.3089969389957472	-0.5	0.75	-2.68397952692055	0.6892774316487171
0.8	-1.1780972450961724	0.5	0.75	-2.7513900239068194	0.8086738626704022
0.8	-1.0471975511965976	-0.5	0.75	-2.334212636966558	1.0628047957209725
0.8	-0.9162978572970231	0.	0.75	-2.5165194310438728	0.7253191237867886
0.8	-0.7853981633974483	0.	0.75	-2.350823839213992	0.8379027285935408
0.8	-0.6544984694978736	0.5	0.75	-2.3828118470544695	0.5229385402243585
0.8	-0.5235987755982988	0.	0.75	-2.1727605110963752	0.393408764844869
0.8	-0.39269908169872414	0.	0.75	-2.0866412412944326	0.2944606791355783
0.8	-0.2617993877991494	0.	0.75	-2.208973063980168	0.3479109331494691
0.8	-0.1308996938995747	0.	0.75	-1.9569189213508678	0.40026907831467495
0.8	0.	0.	0.75	-2.0327206495932795	0.279544970545479
0.8	0.1308996938995747	0.	0.75	-2.1029036341119633	0.41860644370039446
0.8	0.2617993877991494	0.	0.75	-2.011523652143022	0.2836021324058
0.8	0.39269908169872414	0.	0.75	-1.9990343785852935	0.23775536182850698
0.8	0.5235987755982988	0.	0.75	-2.058518107524962	0.24532918383172586
0.8	0.6544984694978736	0.5	0.75	-2.1665262009719326	0.38714783085211224
0.8	0.7853981633974483	0.	0.75	-2.1607166895416716	0.28500327195779096
0.8	0.9162978572970231	0.	0.75	-2.594869929312038	0.30045174558008925
0.8	1.0471975511965976	-0.5	0.75	-2.055926057425037	0.32435219986526365
0.8	1.1780972450961724	0.5	0.75	-2.252019020026252	0.7193906503392441
0.8	1.3089969389957472	-0.5	0.75	-2.1774478108921267	0.36848893696112006
0.8	1.4398966328953218	0.	0.75	-2.197342911464314	0.786129344468784
0.9	-1.4398966328953218	-0.5	0.75	-2.726753165553675	0.43971291808211865
0.9	-1.3089969389957472	-0.5	0.75	-2.575906847163902	0.8955260576654037
0.9	-1.1780972450961724	-0.5	0.75	-2.3963837544154747	0.7851277720309487
0.9	-1.0471975511965976	-0.5	0.75	-2.3181797293813173	0.7546915559287594
0.9	-0.9162978572970231	-0.5	0.75	-2.1283527318330773	0.8149038922106252
0.9	-0.7853981633974483	-0.5	0.75	-2.112099013817852	0.4971413035427914
0.9	-0.6544984694978736	0.	0.75	-2.242559798394875	2.1309491590687855
0.9	-0.5235987755982988	-0.5	0.75	-2.0763854028165825	0.38336862552598205
0.9	-0.39269908169872414	-0.5	0.75	-1.9864018297496024	0.24530536144287451
0.9	-0.2617993877991494	-0.5	0.75	-2.085875051204924	0.23600899614763982
0.9	-0.1308996938995747	0.	0.75	-2.0242795976329133	0.36150353232674926
0.9	0.	-0.5	0.75	-2.04527309751694	0.37168925030117883
0.9	0.1308996938995747	0.	0.75	-2.2115494603019865	0.46734177560430545
0.9	0.2617993877991494	-0.5	0.75	-2.016682549173198	0.2915598274352653
0.9	0.39269908169872414	-0.5	0.75	-2.2239253211723398	0.330288368452371
0.9	0.5235987755982988	-0.5	0.75	-1.920238393801396	0.28370673046716555
0.9	0.6544984694978736	0.	0.75	-2.1645665388149156	0.2849895344616601
0.9	0.7853981633974483	-0.5	0.75	-1.8943915205149935	0.30068642475607577
0.9	0.9162978572970231	-0.5	0.75	-1.9779272923520392	0.2188248945872584
0.9	1.0471975511965976	-0.5	0.75	-2.139810422577043	0.5391704820019312
0.9	1.1780972450961724	-0.5	0.75	-1.9787456506695567	0.26370337467687366
0.9	1.3089969389957472	-0.5	0.75	-2.3283077926159326	0.7616887836665228
0.9	1.4398966328953218	-0.5	0.75	-2.1075815323770586	0.7164961733993764
1.	-1.3089969389957472	-1.	0.75	-2.2835651443421923	0.8409894430271023
1.	-1.1780972450961724	-1.	0.75	-2.1719079342334933	0.42390950237961633
1.	-1.0471975511965976	-1.	0.75	-2.104263139719731	0.9043134958700014
1.	-0.9162978572970231	-1.	0.75	-1.9950194372035175	0.7680787673239053
1.	-0.7853981633974483	-1.	0.75	-1.8627261628281313	0.7573451986810078
1.	-0.6544984694978736	-1.	0.75	-1.8956518527432458	0.9372104284211152
1.	-0.5235987755982988	-1.	0.75	-1.8340413252880337	0.9368586940619446
1.	-0.39269908169872414	-1.	0.75	-1.9151808948134694	0.39906481010534733
1.	-0.2617993877991494	-1.	0.75	-1.8126786375304589	0.17307387831352627
1.	-0.1308996938995747	-0.5	0.75	-1.8602630598084127	0.2104674692913343
1.	0.	-1.	0.75	-1.9274128405680395	0.13968208867881948
1.	0.1308996938995747	-0.5	0.75	-2.1302113444739303	0.3067480581929036
1.	0.2617993877991494	-1.	0.75	-1.995177435814693	0.2625857293426589
1.	0.39269908169872414	-1.	0.75	-1.9117463496546458	0.2576764373434848
1.	0.5235987755982988	-1.	0.75	-1.769383650934876	0.20617663975889367
1.	0.6544984694978736	-1.	0.75	-1.9133759723141355	0.2650507247035718
1.	0.7853981633974483	-1.	0.75	-1.9598911253094808	0.16262115174423208
1.	0.9162978572970231	-1.	0.75	-1.9330294517076227	0.20077317081212942
1.	1.0471975511965976	-1.	0.75	-1.8539793200409775	0.28213208276536395
1.	1.1780972450961724	-1.	0.75	-2.168066110386605	0.6564009346880603
1.	1.3089969389957472	-1.	0.75	-2.0882659693244774	0.25342356494364116
1.	-1.5707963267948966	-1.	0.75	-2.5317981130602782	0.8208703731118837
1.	1.5707963267948966	-1.	0.75	-2.024666719559457	0.712649619523393
0.9	-1.5707963267948966	-1.	0.75	-2.431557127061637	0.6876780641300045
0.8	-1.5707963267948966	-1.	0.75	-2.563780841513952	0.6892535406137936
0.7	-1.5707963267948966	-1.	0.75	-2.5260061531939515	0.6857466443115001
0.6	-1.5707963267948966	-1.	0.75	-2.664032242077074	0.6893846026197353
0.5	-1.5707963267948966	-1.	0.75	-2.555863281283558	0.687828306508188
0.4	-1.5707963267948966	-1.	0.75	-2.476867033489748	0.6869150453687815
0.3	-1.5707963267948966	-1.	0.75	-2.369666686116937	0.6840656121111078
0.2	-1.5707963267948966	-1.	0.75	-2.4495989333776897	0.6846760931448663
0.1	-1.5707963267948966	-1.	0.75	-2.398719014379952	0.6839880490075121
0.1	1.5707963267948966	-1.	0.75	-2.729854045995994	0.7449294303396303
0.2	1.5707963267948966	-1.	0.75	-2.28520048209901	0.6871665966079522
0.3	1.5707963267948966	-1.	0.75	-2.2204750336493317	0.6888878403238429
0.4	1.5707963267948966	-1.	0.75	-2.185637927305792	0.6898739254757372
0.5	1.5707963267948966	-1.	0.75	-2.200756217777786	0.6913352010947829
0.6	1.5707963267948966	-1.	0.75	-2.2723407564488323	0.6884361272666553
0.7	1.5707963267948966	-1.	0.75	-2.371674353112439	0.6866448582723552
0.8	1.5707963267948966	-1.	0.75	-2.2621669290909048	0.6912022641645532
0.9	1.5707963267948966	-1.	0.75	-2.241767693193852	0.6921393227382533
1.	-1.4398966328953218	-1.	0.75	-2.5246712726406897	1.0533098327470058
1.	1.4398966328953218	-1.	0.75	-2.1029440607619843	0.7360115588645252
0.1	-1.4398966328953218	0.	1.	-2.8468132068003933	0.6961845618916586
0.1	-1.3089969389957472	0.5	1.	-3.02348837041865	0.7673432187583941
0.1	-1.1780972450961724	1.	1.	-2.367822334933146	0.6928413152806885
0.1	-1.0471975511965976	1.	1.	-2.7920156921845276	0.6863905803593497
0.1	-0.9162978572970231	1.	1.	-2.389678788696286	0.6955538405221968
0.1	-0.7853981633974483	1.	1.	-2.951405790599969	0.6875541090803687
0.1	-0.6544984694978736	1.	1.	-3.027861832580287	0.6873018090210595
0.1	-0.5235987755982988	0.5	1.	-3.3461648345534405	0.7380554422878527
0.1	-0.39269908169872414	1.	1.	-3.0548441861264153	0.6866291553694621
0.1	-0.2617993877991494	0.5	1.	-3.1029600547137575	0.720217672951076
0.1	-0.1308996938995747	0.5	1.	-3.143482469141427	0.7177414270642927
0.1	0.	0.5	1.	-2.9733948818907545	0.708784082276376
0.1	0.1308996938995747	0.5	1.	-3.1197198190936977	0.8079590707896689
0.1	0.2617993877991494	0.5	1.	-3.078255455582894	0.899223828837665
0.1	0.39269908169872414	1.	1.	-2.961761536980757	0.6873225527626897
0.1	0.5235987755982988	0.5	1.	-3.155139357619526	0.7379659757722598
0.1	0.6544984694978736	1.	1.	-2.9872857282449026	0.6875878048737099
0.1	0.7853981633974483	1.	1.	-2.9722395469480873	0.6877997080796145
0.1	0.9162978572970231	1.	1.	-2.3088261666147365	0.6945148102549412
0.1	1.0471975511965976	1.	1.	-2.9747726396920644	0.6870650584622771
0.1	1.1780972450961724	1.	1.	-2.2736918107056963	0.695614892332186
0.1	1.3089969389957472	0.5	1.	-3.033031807672574	0.7460014711420269
0.1	1.4398966328953218	0.	1.	-3.0056119111303063	0.7281379428379681
0.2	-1.4398966328953218	-0.5	1.	-3.025366540801198	0.7588431347416156
0.2	-1.3089969389957472	-1.	1.	-3.0994918284856006	1.3031688678731406
0.2	-1.1780972450961724	0.5	1.	-3.3915559985792725	0.3389525755140097
0.2	-1.0471975511965976	-0.5	1.	-3.2313085493047127	0.8127888407924537
0.2	-0.9162978572970231	1.	1.	-2.7790106964950647	0.6978899416695077
0.2	-0.7853981633974483	-0.5	1.	-3.046458180832754	0.7132633958732163
0.2	-0.6544984694978736	0.5	1.	-3.189895764827449	0.7198330815495476
0.2	-0.5235987755982988	-0.5	1.	-2.7742954395635637	0.8454244247504339
0.2	-0.39269908169872414	0.	1.	-3.0973992866126756	0.7291136502993433
0.2	-0.2617993877991494	1.	1.	-2.8945841562774084	0.6900203926135113
0.2	-0.1308996938995747	-0.5	1.	-3.0053013004175666	0.9662662952518923
0.2	0.	0.	1.	-2.676168991925723	0.6949071831407146
0.2	0.1308996938995747	-0.5	1.	-2.8185782965617507	1.1182359048268182
0.2	0.2617993877991494	1.	1.	-2.648731727647111	0.7039431816779131
0.2	0.39269908169872414	0.	1.	-3.011645547803446	0.8503824019483837
0.2	0.5235987755982988	-0.5	1.	-2.6929434672632118	0.78968381056355
0.2	0.6544984694978736	0.5	1.	-3.1899428765190545	0.7165317256309258
0.2	0.7853981633974483	-0.5	1.	-3.003456260793446	0.8111522058118935
0.2	0.9162978572970231	1.	1.	-2.7332776673182586	0.7176756597434102
0.2	1.0471975511965976	-0.5	1.	-3.2707509794156735	0.7425027788673185
0.2	1.1780972450961724	0.5	1.	-3.4642891638865896	0.7570513238909815
0.2	1.3089969389957472	-1.	1.	-3.2168853631052348	0.9443016102685721
0.2	1.4398966328953218	-0.5	1.	-2.728526935543086	0.7209093008856031
0.3	-1.4398966328953218	0.	1.	-3.2659262371612816	0.6216754532293121
0.3	-1.3089969389957472	0.5	1.	-3.278962936594801	0.7745463677442994
0.3	-1.1780972450961724	0.	1.	-3.2653497621069794	1.491178358304732
0.3	-1.0471975511965976	-1.	1.	-3.046322656452534	1.023287991382152
0.3	-0.9162978572970231	1.	1.	-3.176527816565181	0.7035890534016794
0.3	-0.7853981633974483	-1.	1.	-2.9317898024839844	0.4712086319052935
0.3	-0.6544984694978736	0.5	1.	-2.8354484509234124	0.71203530946585
0.3	-0.5235987755982988	-0.5	1.	-2.914774005818192	0.5323663032095909
0.3	-0.39269908169872414	1.	1.	-2.6748495203716107	0.7275296831607977
0.3	-0.2617993877991494	0.5	1.	-2.849154283701257	0.36069109361351126
0.3	-0.1308996938995747	1.	1.	-2.594907304310578	0.7107105023424061
0.3	0.	1.	1.	-2.8057877675278293	0.7000943055231533
0.3	0.1308996938995747	1.	1.	-2.626653235646833	0.7355059189952354
0.3	0.2617993877991494	0.5	1.	-2.873416925743627	1.0073839148127268
0.3	0.39269908169872414	1.	1.	-2.6076215101945954	0.7317434770723598
0.3	0.5235987755982988	-0.5	1.	-2.6979132145096303	0.7364218131901556
0.3	0.6544984694978736	0.5	1.	-2.9385199855717596	0.7805792152412481
0.3	0.7853981633974483	-1.	1.	-2.6350506551294535	0.2756946912185463
0.3	0.9162978572970231	1.	1.	-3.0077637858638635	0.7111973917924019
0.3	1.0471975511965976	-1.	1.	-2.5703402220796976	0.3396213308444562
0.3	1.1780972450961724	0.	1.	-2.804473830730975	0.7476001247164019
0.3	1.3089969389957472	0.5	1.	-2.869006693133581	0.7365669738542333
0.3	1.4398966328953218	0.	1.	-2.8333434916742846	0.7140398999647051
0.4	-1.4398966328953218	0.5	1.	-3.1625837380835815	0.8299714576846235
0.4	-1.3089969389957472	1.	1.	-3.407318263042685	0.7541885752712495
0.4	-1.1780972450961724	0.5	1.	-2.8239431957994943	0.5093862333704409
0.4	-1.0471975511965976	0.	1.	-2.898917406657608	0.36338819242375875
0.4	-0.9162978572970231	0.5	1.	-3.099761676091219	0.5857670483093584
0.4	-0.7853981633974483	1.	1.	-2.792124094877931	1.8226607328585531
0.4	-0.6544984694978736	1.	1.	-2.844209389618323	0.7447397674439283
0.4	-0.5235987755982988	0.5	1.	-2.901196069551072	0.7389844660894529
0.4	-0.39269908169872414	1.	1.	-2.742155799052048	0.7564791689405046
0.4	-0.2617993877991494	1.	1.	-2.6413400564560634	0.7223937843488512
0.4	-0.1308996938995747	1.	1.	-2.628413669078465	0.713614669160107
0.4	0.	1.	1.	-2.7692484720870136	0.7026515807727465
0.4	0.1308996938995747	1.	1.	-2.740186263822789	0.717921896168961
0.4	0.2617993877991494	1.	1.	-2.711782544216774	0.76273259344884
0.4	0.39269908169872414	1.	1.	-2.7314911169843183	0.7775190331786863
0.4	0.5235987755982988	0.5	1.	-3.023271593662284	0.7153598446711776
0.4	0.6544984694978736	1.	1.	-2.5845248546321247	0.9290351721445598
0.4	0.7853981633974483	1.	1.	-2.369944210458074	1.031739391950673
0.4	0.9162978572970231	0.5	1.	-2.7712548227618377	0.7799143122138047
0.4	1.0471975511965976	0.	1.	-2.6848029818579686	0.7279108223992976
0.4	1.1780972450961724	0.5	1.	-2.53942190505514	0.9980562510379332
0.4	1.3089969389957472	1.	1.	-2.893255036957716	0.7103108569633279
0.4	1.4398966328953218	0.5	1.	-2.9563251934818493	0.7164838175500235
0.5	-1.4398966328953218	-0.5	1.	-2.9079722402420565	0.6915686815287607
0.5	-1.3089969389957472	0.	1.	-3.0645193431748807	1.023544827050975
0.5	-1.1780972450961724	0.	1.	-2.634193220827659	0.35584173354597914
0.5	-1.0471975511965976	0.	1.	-2.889236759421798	0.908138529423789
0.5	-0.9162978572970231	0.5	1.	-2.9969262579010993	0.6072934018541261
0.5	-0.7853981633974483	0.	1.	-2.6088991847206477	0.6995183038625138
0.5	-0.6544984694978736	1.	1.	-2.6581656673813487	0.3969820762584273
0.5	-0.5235987755982988	0.	1.	-2.470259125424197	0.7118678105964398
0.5	-0.39269908169872414	0.	1.	-2.4214343201385997	0.8250432230361445
0.5	-0.2617993877991494	0.	1.	-2.415959365009603	0.8695356923819395
0.5	-0.1308996938995747	1.	1.	-2.651429531406115	0.7158021643742036
0.5	0.	0.	1.	-2.419623279272065	0.31927667521291525
0.5	0.1308996938995747	1.	1.	-2.6691688906403224	0.7506061539316664
0.5	0.2617993877991494	0.	1.	-2.499831285203332	0.40807418517277183
0.5	0.39269908169872414	0.	1.	-2.394980104572246	0.5164457191237091
0.5	0.5235987755982988	0.	1.	-2.5053712700848045	0.8251190497553383
0.5	0.6544984694978736	1.	1.	-2.377054808986008	0.5147417909001553
0.5	0.7853981633974483	0.	1.	-2.5075325038993417	0.7787045949388884
0.5	0.9162978572970231	0.5	1.	-2.8722543393409805	0.9180189688717308
0.5	1.0471975511965976	0.	1.	-2.4537267092322224	0.8086178652913453
0.5	1.1780972450961724	0.	1.	-2.3008034992194144	0.814606053121434
0.5	1.3089969389957472	0.	1.	-2.7306629959674344	0.6960987442738954
0.5	1.4398966328953218	-0.5	1.	-2.4509822472117873	0.7513740434408828
0.6	-1.4398966328953218	1.	1.	-3.429549596675416	0.3790640544224866
0.6	-1.3089969389957472	-1.	1.	-2.849242767958267	0.9039856033114471
0.6	-1.1780972450961724	-0.5	1.	-2.7667034922091487	0.8030611863712371
0.6	-1.0471975511965976	0.	1.	-2.7648309417998544	0.7679890552344685
0.6	-0.9162978572970231	1.	1.	-3.0290551369542693	0.6648927837328062
0.6	-0.7853981633974483	0.	1.	-2.6626592505064752	0.7973286476727273
0.6	-0.6544984694978736	0.5	1.	-2.4301564103655013	0.7589364840471597
0.6	-0.5235987755982988	1.	1.	-2.8231777274474474	1.060591797273639
0.6	-0.39269908169872414	-1.	1.	-2.3079093770940085	0.8364091850546768
0.6	-0.2617993877991494	-1.	1.	-2.318308860094927	0.24896161423754326
0.6	-0.1308996938995747	-0.5	1.	-2.4788525221342605	0.3345384051289464
0.6	0.	-0.5	1.	-2.5062279013001647	0.49918823297981896
0.6	0.1308996938995747	-0.5	1.	-2.1848604919270413	0.2697767696242379
0.6	0.2617993877991494	-1.	1.	-2.179817106770721	0.2685059786098981
0.6	0.39269908169872414	-1.	1.	-2.458348150143152	0.3701666463294395
0.6	0.5235987755982988	1.	1.	-2.572948516207761	0.8284399665463822
0.6	0.6544984694978736	0.5	1.	-2.2712919618079437	0.4062400904494008
0.6	0.7853981633974483	0.	1.	-2.3541861149508723	0.8929194061069372
0.6	0.9162978572970231	1.	1.	-2.565724437473506	0.7373972781196687
0.6	1.0471975511965976	0.	1.	-2.540181155539076	0.7351657716785011
0.6	1.1780972450961724	-0.5	1.	-2.335436984954938	0.7439947657175192
0.6	1.3089969389957472	-1.	1.	-2.3580261384369248	0.3617801550033213
0.6	1.4398966328953218	1.	1.	-2.7603297904123636	0.6933810073107477
0.7	-1.4398966328953218	1.	1.	-3.2605534213512977	0.6962746499503767
0.7	-1.3089969389957472	0.5	1.	-3.1903729040207236	0.7512068634364462
0.7	-1.1780972450961724	1.	1.	-3.105037246631047	0.46267424223687326
0.7	-1.0471975511965976	0.	1.	-2.451026861579252	0.6497992382093936
0.7	-0.9162978572970231	0.5	1.	-2.6889062103367274	0.7460103976242117
0.7	-0.7853981633974483	0.5	1.	-2.586533834960734	0.8878059769995688
0.7	-0.6544984694978736	0.5	1.	-2.464399908410059	0.9652862802527261
0.7	-0.5235987755982988	0.5	1.	-2.451231768641192	0.7317073650561869
0.7	-0.39269908169872414	0.5	1.	-2.2606821205762686	0.865787338595656
0.7	-0.2617993877991494	0.5	1.	-2.2146723319939765	0.7871544243598835
0.7	-0.1308996938995747	0.5	1.	-2.2021138797271096	0.9297783129018548
0.7	0.	1.	1.	-2.3941288726799383	0.897325332999551
0.7	0.1308996938995747	0.5	1.	-2.2433844332441097	0.5609136915556614
0.7	0.2617993877991494	0.5	1.	-2.1840455974188484	0.5760129515446624
0.7	0.39269908169872414	0.5	1.	-2.187996161946703	0.4550386752424974
0.7	0.5235987755982988	0.5	1.	-2.668928905430986	0.7366538760270198
0.7	0.6544984694978736	0.5	1.	-2.1797049795701393	1.1807671343867403
0.7	0.7853981633974483	0.5	1.	-2.2416452521349366	0.8292482980086362
0.7	0.9162978572970231	0.5	1.	-2.6285829883217464	0.40193441493026394
0.7	1.0471975511965976	0.	1.	-2.0093323847340936	0.3381370386207885
0.7	1.1780972450961724	1.	1.	-2.450782793584342	0.791101769567871
0.7	1.3089969389957472	0.5	1.	-2.366132587153624	0.7194389624002506
0.7	1.4398966328953218	1.	1.	-2.6879322586367316	0.7130942330853608
0.8	-1.4398966328953218	0.	1.	-2.8631286861110086	0.7684997139934329
0.8	-1.3089969389957472	-0.5	1.	-2.673818832614989	1.1996563041150987
0.8	-1.1780972450961724	0.5	1.	-2.780742271112241	0.9690334097873259
0.8	-1.0471975511965976	-0.5	1.	-2.3474383516795156	0.9017723764975561
0.8	-0.9162978572970231	0.	1.	-2.5047746705973655	0.633782462729831
0.8	-0.7853981633974483	0.	1.	-2.342788256733411	1.008807631107108
0.8	-0.6544984694978736	0.5	1.	-2.3697445404155606	0.5396957745279038
0.8	-0.5235987755982988	0.	1.	-2.157977389625295	0.454872204610854
0.8	-0.39269908169872414	0.	1.	-2.07732179015542	0.2945396021867299
0.8	-0.2617993877991494	0.	1.	-2.225449305551529	0.5799937712263901
0.8	-0.1308996938995747	0.	1.	-1.963944744626173	0.5539858749626314
0.8	0.	0.	1.	-2.047916869018447	0.27285142018970376
0.8	0.1308996938995747	0.	1.	-2.0918983813732583	0.4499178850220845
0.8	0.2617993877991494	0.	1.	-2.003839641700147	0.329800145172365
0.8	0.39269908169872414	0.	1.	-1.9800867615138285	0.2804375660039209
0.8	0.5235987755982988	0.	1.	-2.0165119627432357	0.2347214010074512
0.8	0.6544984694978736	0.5	1.	-2.1552477607223146	0.36601796595603775
0.8	0.7853981633974483	0.	1.	-2.1320839798460214	0.2744967102333772
0.8	0.9162978572970231	0.	1.	-2.6001985755529438	0.28899840383424413
0.8	1.0471975511965976	-0.5	1.	-1.9978948049741583	0.34814018343342845
0.8	1.1780972450961724	0.5	1.	-2.274398825859344	0.7359681115897131
0.8	1.3089969389957472	-0.5	1.	-2.1224000192070562	0.37288745075354446
0.8	1.4398966328953218	0.	1.	-2.1492932149548594	0.8070158470718947
0.9	-1.4398966328953218	-0.5	1.	-2.787560000184093	0.5519499217042361
0.9	-1.3089969389957472	-0.5	1.	-2.570681709964108	0.8204524605616743
0.9	-1.1780972450961724	-0.5	1.	-2.4031411160860343	0.889275114866837
0.9	-1.0471975511965976	-0.5	1.	-2.2878735034237887	0.7282613004979225
0.9	-0.9162978572970231	-0.5	1.	-2.11785159199328	0.5971127566750973
0.9	-0.7853981633974483	-0.5	1.	-2.0840826506799104	0.5121515261586231
0.9	-0.6544984694978736	0.	1.	-2.231496234054588	0.8985029078357147
0.9	-0.5235987755982988	-0.5	1.	-2.064952541910591	0.3803399484178568
0.9	-0.39269908169872414	-0.5	1.	-1.9676813666104465	0.2881761914277081
0.9	-0.2617993877991494	-0.5	1.	-2.0936289883022052	0.24617206031362382
0.9	-0.1308996938995747	0.	1.	-2.0240542347108184	0.40880945999955876
0.9	0.	-0.5	1.	-2.017564146399768	0.4519255355939519
0.9	0.1308996938995747	0.	1.	-2.1858238102864287	0.6609967066113351
0.9	0.2617993877991494	-0.5	1.	-1.9807432719603402	0.34445765992347277
0.9	0.39269908169872414	-0.5	1.	-2.1740082900238167	0.40459950097725206
0.9	0.5235987755982988	-0.5	1.	-1.8647007024410567	0.31781077079820386
0.9	0.6544984694978736	0.	1.	-2.1249134598079955	0.2420765201435935
0.9	0.7853981633974483	-0.5	1.	-1.8661065775734638	0.3111721373726324
0.9	0.9162978572970231	-0.5	1.	-1.9356914340218005	0.25243544301344556
0.9	1.0471975511965976	-0.5	1.	-2.0861764947261103	0.5001377158465924
0.9	1.1780972450961724	-0.5	1.	-1.9334219852316183	0.2167220000088581
0.9	1.3089969389957472	-0.5	1.	-2.2895782457659606	0.7889569930064269
0.9	1.4398966328953218	-0.5	1.	-2.1048108238121124	0.7174858148847177
1.	-1.3089969389957472	-1.	1.	-2.319086459230018	0.47369209103181076
1.	-1.1780972450961724	-1.	1.	-2.176414781011219	0.47637822921707174
1.	-1.0471975511965976	-1.	1.	-2.1228063118022558	0.8270738329673674
1.	-0.9162978572970231	-1.	1.	-1.9604591039868575	0.7334315191007289
1.	-0.7853981633974483	-1.	1.	-1.9123066837638034	0.7793041200532135
1.	-0.6544984694978736	-1.	1.	-1.88640474030945	1.0519229668612153
1.	-0.5235987755982988	-1.	1.	-1.837770079291884	0.9561243934781912
1.	-0.39269908169872414	-1.	1.	-1.917808948790669	0.44831877247668517
1.	-0.2617993877991494	-1.	1.	-1.8126342845179193	0.17810570547605475
1.	-0.1308996938995747	-0.5	1.	-1.8743515257404202	0.21783316399434904
1.	0.	-1.	1.	-1.9011721790030727	0.15738377837671613
1.	0.1308996938995747	-0.5	1.	-2.0984527997839724	0.325065836743358
1.	0.2617993877991494	-1.	1.	-1.968815408555685	0.29324545336543295
1.	0.39269908169872414	-1.	1.	-1.8549382719724556	0.27319678380789103
1.	0.5235987755982988	-1.	1.	-1.7125150856847384	0.21014127435125918
1.	0.6544984694978736	-1.	1.	-1.8355627969372308	0.2806065836447671
1.	0.7853981633974483	-1.	1.	-1.8814547417331051	0.18340953015929806
1.	0.9162978572970231	-1.	1.	-1.8609219093494738	0.2732801692458313
1.	1.0471975511965976	-1.	1.	-1.8087915970562618	0.25258524444623176
1.	1.1780972450961724	-1.	1.	-2.1098228553604055	0.5962832067154095
1.	1.3089969389957472	-1.	1.	-2.076722587157479	0.2583183187888677
1.	-1.5707963267948966	-1.	1.	-2.572532326572135	0.7546617584135373
1.	1.5707963267948966	-1.	1.	-2.025756613007334	0.7040848313551944
0.9	-1.5707963267948966	-1.	1.	-2.4868457142307165	0.692055119103245
0.8	-1.5707963267948966	-1.	1.	-2.4910480783521227	0.6869810411663223
0.7	-1.5707963267948966	-1.	1.	-2.583316697416942	0.6893410901228143
0.6	-1.5707963267948966	-1.	1.	-2.6093194706855876	0.6882440979537847
0.5	-1.5707963267948966	-1.	1.	-2.4355325568771575	0.6867331442930983
0.4	-1.5707963267948966	-1.	1.	-2.7664982722062064	0.6896504810545585
0.3	-1.5707963267948966	-1.	1.	-2.299506733642948	0.6842482081236595
0.2	-1.5707963267948966	-1.	1.	-2.368045892078932	0.6848664327557207
0.1	-1.5707963267948966	-1.	1.	-2.3273796147310013	0.6841406907333565
0.1	1.5707963267948966	-1.	1.	-2.285552147284727	0.6849143022997087
0.2	1.5707963267948966	-1.	1.	-2.269022601811218	0.6863081290237029
0.3	1.5707963267948966	-1.	1.	-2.2180471375084734	0.6878972204109715
0.4	1.5707963267948966	-1.	1.	-2.181800857401451	0.6882634189323114
0.5	1.5707963267948966	-1.	1.	-2.4403602189804188	1.0375937420261512
0.6	1.5707963267948966	-1.	1.	-2.229815921211027	0.6881161786448713
0.7	1.5707963267948966	-1.	1.	-2.2876336821167875	0.6870553609082957
0.8	1.5707963267948966	-1.	1.	-2.164391918716645	0.6926499138252857
0.9	1.5707963267948966	-1.	1.	-2.1523675477045625	0.6935433618375227
1.	-1.4398966328953218	-1.	1.	-2.5795051245855576	1.2262361973141824
1.	1.4398966328953218	-1.	1.	-2.1149220642006754	0.8417481740194648