0.1	-1.4398966328953218	0.	0.25	-2.8316278291045176	0.5614780197153763
0.1	-1.3089969389957472	0.5	0.25	-3.006489306537946	0.4857198811834524
0.1	-1.1780972450961724	1.	0.25	-2.3548351335359285	1.2701930701771622
0.1	-1.0471975511965976	1.	0.25	-2.97400155949302	0.9838068733533649
0.1	-0.9162978572970231	1.	0.25	-2.401509988782203	1.2543782868174778
0.1	-0.7853981633974483	1.	0.25	-2.9611574314926057	0.46633027194931503
0.1	-0.6544984694978736	1.	0.25	-3.186344449284882	0.6891741466257886
0.1	-0.5235987755982988	0.5	0.25	-3.12582175732916	0.5136927003619238
0.1	-0.39269908169872414	1.	0.25	-3.216703507784336	0.7624760592022304
0.1	-0.2617993877991494	0.5	0.25	-2.937631551718487	0.6740461515190272
0.1	-0.1308996938995747	0.5	0.25	-2.9987691550476545	0.4018427703694894
0.1	0.	0.5	0.25	-2.897288090574933	0.4093044915039342
0.1	0.1308996938995747	0.5	0.25	-2.9870639475654928	0.510617463634007
0.1	0.2617993877991494	0.5	0.25	-2.970554192088806	0.30798052446669
0.1	0.39269908169872414	1.	0.25	-3.103657800963687	0.8791240560292237
0.1	0.5235987755982988	0.5	0.25	-2.8725355190342436	0.43458174240209463
0.1	0.6544984694978736	1.	0.25	-3.0042549292355436	0.927245078851984
0.1	0.7853981633974483	1.	0.25	-2.8256773758966256	0.766746589300811
0.1	0.9162978572970231	1.	0.25	-2.3149724971691112	1.2785102917469169
0.1	1.0471975511965976	1.	0.25	-2.9858944276482635	1.4062845984732812
0.1	1.1780972450961724	1.	0.25	-2.257761337715065	1.430947197467229
0.1	1.3089969389957472	0.5	0.25	-2.8410280810896134	0.2591321615588608
0.1	1.4398966328953218	0.	0.25	-2.8091742058975937	0.30175485615089015
0.2	-1.4398966328953218	-0.5	0.25	-2.767566365784318	0.6004826101972011
0.2	-1.3089969389957472	-1.	0.25	-2.876855959731869	0.3956685768125197
0.2	-1.1780972450961724	0.5	0.25	-3.0944751799980423	0.3243496295177106
0.2	-1.0471975511965976	-0.5	0.25	-2.8175012206928556	0.41045155070781403
0.2	-0.9162978572970231	1.	0.25	-2.750442293159488	0.6174122788679948
0.2	-0.7853981633974483	-0.5	0.25	-2.897962222709228	0.41206976360490455
0.2	-0.6544984694978736	0.5	0.25	-3.0281643857176834	0.4465754126084663
0.2	-0.5235987755982988	-0.5	0.25	-2.694893950637657	0.3537759965031906
0.2	-0.39269908169872414	0.	0.25	-2.8910654813621806	0.3465245465897971
0.2	-0.2617993877991494	1.	0.25	-3.009307066758133	0.6211687738686706
0.2	-0.1308996938995747	-0.5	0.25	-2.845368564382318	0.3295897385760281
0.2	0.	0.	0.25	-2.7211860817047797	0.5835270183693743
0.2	0.1308996938995747	-0.5	0.25	-2.7737167151908304	0.37642254447685386
0.2	0.2617993877991494	1.	0.25	-2.760260320475092	0.5699018097535575
0.2	0.39269908169872414	0.	0.25	-2.884114306813303	0.37430762436695497
0.2	0.5235987755982988	-0.5	0.25	-2.555635266676982	0.1851284178896145
0.2	0.6544984694978736	0.5	0.25	-3.0402314142536877	0.48645912954873805
0.2	0.7853981633974483	-0.5	0.25	-2.938922320817768	0.32358654897163447
0.2	0.9162978572970231	1.	0.25	-2.6399469299626275	0.8664306524349026
0.2	1.0471975511965976	-0.5	0.25	-3.056382372399182	0.36960359182744085
0.2	1.1780972450961724	0.5	0.25	-3.0797800553108385	0.38064693142747275
0.2	1.3089969389957472	-1.	0.25	-2.8996225360809746	0.2587938616173615
0.2	1.4398966328953218	-0.5	0.25	-2.726970919887184	0.38537065480194577
0.3	-1.4398966328953218	0.	0.25	-2.9157592354698254	0.31293412633372897
0.3	-1.3089969389957472	0.5	0.25	-3.129926909183486	0.4074345708357377
0.3	-1.1780972450961724	0.	0.25	-3.066715069942437	0.44715538224382084
0.3	-1.0471975511965976	-1.	0.25	-2.858088212415702	0.4432949819372449
0.3	-0.9162978572970231	1.	0.25	-3.045252714539161	0.4668627207548259
0.3	-0.7853981633974483	-1.	0.25	-2.760965318740499	0.4877885117255142
0.3	-0.6544984694978736	0.5	0.25	-2.697335696982534	0.7263878404911447
0.3	-0.5235987755982988	-0.5	0.25	-2.833376074420618	0.43329384814232913
0.3	-0.39269908169872414	1.	0.25	-2.7176771716929014	0.2904724131180313
0.3	-0.2617993877991494	0.5	0.25	-2.7402957971836903	0.3982268205646454
0.3	-0.1308996938995747	1.	0.25	-2.6627969096380233	0.3355952765559341
0.3	0.	1.	0.25	-2.858878608428223	0.6367237406357998
0.3	0.1308996938995747	1.	0.25	-2.672298930788637	0.38071760152704737
0.3	0.2617993877991494	0.5	0.25	-2.7574514112245594	0.5618371324694917
0.3	0.39269908169872414	1.	0.25	-2.6437826976601912	0.4588117152595676
0.3	0.5235987755982988	-0.5	0.25	-2.728066954371103	0.16749038653080067
0.3	0.6544984694978736	0.5	0.25	-2.8190416898978743	0.4360464924315749
0.3	0.7853981633974483	-1.	0.25	-2.6540061679246167	0.181056855847791
0.3	0.9162978572970231	1.	0.25	-2.95161769104764	0.6432274391136604
0.3	1.0471975511965976	-1.	0.25	-2.566935597515955	0.26336571162318184
0.3	1.1780972450961724	0.	0.25	-2.8245493578787584	0.3002143459705006
0.3	1.3089969389957472	0.5	0.25	-2.83225861286888	0.628061467780483
0.3	1.4398966328953218	0.	0.25	-2.8182422970139878	0.27265920485264344
0.4	-1.4398966328953218	0.5	0.25	-3.02666773405324	0.46531614997397575
0.4	-1.3089969389957472	1.	0.25	-3.038640914266299	0.33260876359450703
0.4	-1.1780972450961724	0.5	0.25	-2.792479551974612	0.3989668057510037
0.4	-1.0471975511965976	0.	0.25	-2.7594205065233606	0.2950327479345473
0.4	-0.9162978572970231	0.5	0.25	-2.937351820799483	0.38332719982688274
0.4	-0.7853981633974483	1.	0.25	-2.6952441728576737	0.3502027983049907
0.4	-0.6544984694978736	1.	0.25	-2.796654615912082	0.28469980113062626
0.4	-0.5235987755982988	0.5	0.25	-2.837545321302304	0.5489488351874744
0.4	-0.39269908169872414	1.	0.25	-2.7724062479816323	0.31789687534529654
0.4	-0.2617993877991494	1.	0.25	-2.739795495847359	0.3556214624681478
0.4	-0.1308996938995747	1.	0.25	-2.7261161705937043	0.29956809842862453
0.4	0.	1.	0.25	-2.8334846505126614	0.6536053903202265
0.4	0.1308996938995747	1.	0.25	-2.791645553832827	0.5280241681158381
0.4	0.2617993877991494	1.	0.25	-2.7561682198978525	0.4328573805975152
0.4	0.39269908169872414	1.	0.25	-2.7285510807243094	0.49068983712871744
0.4	0.5235987755982988	0.5	0.25	-2.963160625616285	0.5138462405806186
0.4	0.6544984694978736	1.	0.25	-2.6576297880670166	0.42789930133351955
0.4	0.7853981633974483	1.	0.25	-2.3977113073535947	0.46683156030136685
0.4	0.9162978572970231	0.5	0.25	-2.845912040838728	0.5202385007759337
0.4	1.0471975511965976	0.	0.25	-2.7275036949209985	0.45140716262404257
0.4	1.1780972450961724	0.5	0.25	-2.6085280709255168	0.44293932394727503
0.4	1.3089969389957472	1.	0.25	-2.8285447259751195	1.032376234152584
0.4	1.4398966328953218	0.5	0.25	-2.889295302925779	0.7343800817155244
0.5	-1.4398966328953218	-0.5	0.25	-2.754912822694197	0.48572344722949207
0.5	-1.3089969389957472	0.	0.25	-2.889082500003359	0.3423636678238713
0.5	-1.1780972450961724	0.	0.25	-2.626056307173457	0.3884276924858751
0.5	-1.0471975511965976	0.	0.25	-2.798569903121444	0.45564192228812406
0.5	-0.9162978572970231	0.5	0.25	-2.8073557309832267	0.42821487313003054
0.5	-0.7853981633974483	0.	0.25	-2.620671781874383	0.4950563031140256
0.5	-0.6544984694978736	1.	0.25	-2.5695608075596765	0.2612467273631191
0.5	-0.5235987755982988	0.	0.25	-2.5504062032766166	0.40214108581094915
0.5	-0.39269908169872414	0.	0.25	-2.5194218497099277	0.353887178433717
0.5	-0.2617993877991494	0.	0.25	-2.5032397175583214	0.3646479178309928
0.5	-0.1308996938995747	1.	0.25	-2.8071603446967157	0.37075747763332756
0.5	0.	0.	0.25	-2.4898848971044627	0.2666209614445463
0.5	0.1308996938995747	1.	0.25	-2.7511535418738475	0.475582591855488
0.5	0.2617993877991494	0.	0.25	-2.5334898080404273	0.2842541817132949
0.5	0.39269908169872414	0.	0.25	-2.477910344701916	0.2382965377479516
0.5	0.5235987755982988	0.	0.25	-2.5893407863961557	0.2899036998339082
0.5	0.6544984694978736	1.	0.25	-2.4726432138318346	0.38698890358236654
0.5	0.7853981633974483	0.	0.25	-2.6393744600244338	0.29720752060557815
0.5	0.9162978572970231	0.5	0.25	-2.864829332119871	0.7371777591880777
0.5	1.0471975511965976	0.	0.25	-2.6658456948698794	0.43567142876037146
0.5	1.1780972450961724	0.	0.25	-2.3977762805724234	0.22759350147185942
0.5	1.3089969389957472	0.	0.25	-2.8421049663066054	0.6414886058597561
0.5	1.4398966328953218	-0.5	0.25	-2.544924388103132	0.2613209610933192
0.6	-1.4398966328953218	1.	0.25	-3.1101835310505552	0.31751214084367296
0.6	-1.3089969389957472	-1.	0.25	-2.682018380606404	0.3659614752775244
0.6	-1.1780972450961724	-0.5	0.25	-2.6945340969871516	0.4889939610903531
0.6	-1.0471975511965976	0.	0.25	-2.7024184226966534	0.5128875555760316
0.6	-0.9162978572970231	1.	0.25	-2.89427507592257	0.4172378867942313
0.6	-0.7853981633974483	0.	0.25	-2.6351070424153424	0.5057829483948639
0.6	-0.6544984694978736	0.5	0.25	-2.4463079226443165	0.35025473914324096
0.6	-0.5235987755982988	1.	0.25	-2.8119004511387238	0.4400305987834405
0.6	-0.39269908169872414	-1.	0.25	-2.357594015424787	0.28609312912916157
0.6	-0.2617993877991494	-1.	0.25	-2.3888233918338164	0.21177486661675451
0.6	-0.1308996938995747	-0.5	0.25	-2.537293730363786	0.2624085934535358
0.6	0.	-0.5	0.25	-2.5199446324682038	0.22381215731970378
0.6	0.1308996938995747	-0.5	0.25	-2.306069124549026	0.22945196477100335
0.6	0.2617993877991494	-1.	0.25	-2.3354502424047023	0.22199084771834451
0.6	0.39269908169872414	-1.	0.25	-2.443780051381458	0.20185778791082465
0.6	0.5235987755982988	1.	0.25	-2.5935986285469284	0.4755556513425418
0.6	0.6544984694978736	0.5	0.25	-2.3741249108999622	0.26971077699877366
0.6	0.7853981633974483	0.	0.25	-2.577248916527646	0.39532266284920103
0.6	0.9162978572970231	1.	0.25	-2.5818582217339383	0.6828431338986655
0.6	1.0471975511965976	0.	0.25	-2.737566371510841	0.6064022348381818
0.6	1.1780972450961724	-0.5	0.25	-2.5173343384422466	0.3668906652356745
0.6	1.3089969389957472	-1.	0.25	-2.563717968448115	0.23727383161519094
0.6	1.4398966328953218	1.	0.25	-2.6726843969865763	1.2896449023896734
0.7	-1.4398966328953218	1.	0.25	-2.9654012611919085	0.5412836575373328
0.7	-1.3089969389957472	0.5	0.25	-2.926404496983232	0.6824395999878226
0.7	-1.1780972450961724	1.	0.25	-2.899938491247026	0.36075570975848215
0.7	-1.0471975511965976	0.	0.25	-2.539742918185524	0.5624857772027275
0.7	-0.9162978572970231	0.5	0.25	-2.636525266225413	0.5712982337140761
0.7	-0.7853981633974483	0.5	0.25	-2.5441686242399477	0.38063792760383136
0.7	-0.6544984694978736	0.5	0.25	-2.4662720073193287	0.3045067488410439
0.7	-0.5235987755982988	0.5	0.25	-2.4506750455347457	0.38490060594556313
0.7	-0.39269908169872414	0.5	0.25	-2.3648535766294927	0.2893715482349138
0.7	-0.2617993877991494	0.5	0.25	-2.3161892924474423	0.3420418688176012
0.7	-0.1308996938995747	0.5	0.25	-2.207293020655146	0.29201684700362196
0.7	0.	1.	0.25	-2.5549361580467784	0.3928391007847168
0.7	0.1308996938995747	0.5	0.25	-2.2908473859165683	0.3143487238626972
0.7	0.2617993877991494	0.5	0.25	-2.260598261389057	0.18973441318626413
0.7	0.39269908169872414	0.5	0.25	-2.305420827151895	0.1922227968316919
0.7	0.5235987755982988	0.5	0.25	-2.681252004362226	0.4863044244456784
0.7	0.6544984694978736	0.5	0.25	-2.2562426689075554	0.37175359707077077
0.7	0.7853981633974483	0.5	0.25	-2.396368955022747	0.4769325293818876
0.7	0.9162978572970231	0.5	0.25	-2.6047522948789466	0.5958266290016411
0.7	1.0471975511965976	0.	0.25	-2.236372773704359	0.24002472742044545
0.7	1.1780972450961724	1.	0.25	-2.4658835099358885	0.804746588507777
0.7	1.3089969389957472	0.5	0.25	-2.4427743029998896	0.8440536126576821
0.7	1.4398966328953218	1.	0.25	-2.6246185090577407	0.9911438687165874
0.8	-1.4398966328953218	0.	0.25	-2.6304203013634666	0.24742020843059717
0.8	-1.3089969389957472	-0.5	0.25	-2.5989007476974786	0.30921004969300014
0.8	-1.1780972450961724	0.5	0.25	-2.6890275425386134	0.4109537553115101
0.8	-1.0471975511965976	-0.5	0.25	-2.4088244472250264	0.3522903423480775
0.8	-0.9162978572970231	0.	0.25	-2.533141069130436	0.42934563640454954
0.8	-0.7853981633974483	0.	0.25	-2.3945883658355114	0.34533575975634323
0.8	-0.6544984694978736	0.5	0.25	-2.4573197853743016	0.31965803831402534
0.8	-0.5235987755982988	0.	0.25	-2.2603132208641	0.2561943078512178
0.8	-0.39269908169872414	0.	0.25	-2.1785009667760775	0.22910550874815314
0.8	-0.2617993877991494	0.	0.25	-2.2464948118884225	0.21549376605070886
0.8	-0.1308996938995747	0.	0.25	-2.03234935946772	0.25815190796020115
0.8	0.	0.	0.25	-2.0980346947181103	0.22389991166022444
0.8	0.1308996938995747	0.	0.25	-2.1849504063976943	0.2555813352751484
0.8	0.2617993877991494	0.	0.25	-2.105064876598911	0.19904520864810135
0.8	0.39269908169872414	0.	0.25	-2.127751016405223	0.17937674761134415
0.8	0.5235987755982988	0.	0.25	-2.224962941807072	0.19918571463688536
0.8	0.6544984694978736	0.5	0.25	-2.246902864833469	0.2522880236422985
0.8	0.7853981633974483	0.	0.25	-2.2585436547271525	0.1943653115669811
0.8	0.9162978572970231	0.	0.25	-2.6315677558014583	0.2379989272446586
0.8	1.0471975511965976	-0.5	0.25	-2.271383424978148	0.2815264424446595
0.8	1.1780972450961724	0.5	0.25	-2.240826909444957	1.1735067275164828
0.8	1.3089969389957472	-0.5	0.25	-2.331709597917774	0.3473471835538562
0.8	1.4398966328953218	0.	0.25	-2.295265994255627	0.40500164826499496
0.9	-1.4398966328953218	-0.5	0.25	-2.573915380602186	0.2846922727639071
0.9	-1.3089969389957472	-0.5	0.25	-2.5704172048455045	0.3958445877683445
0.9	-1.1780972450961724	-0.5	0.25	-2.422859229627294	0.7230041837339044
0.9	-1.0471975511965976	-0.5	0.25	-2.380675514229558	0.47498467849962667
0.9	-0.9162978572970231	-0.5	0.25	-2.2708504293792555	0.3798719291238121
0.9	-0.7853981633974483	-0.5	0.25	-2.2272573761763943	0.39993163353703826
0.9	-0.6544984694978736	0.	0.25	-2.3108297969325324	0.3762819641706503
0.9	-0.5235987755982988	-0.5	0.25	-2.1737214047939037	0.26221347856583854
0.9	-0.39269908169872414	-0.5	0.25	-2.1193780335073145	0.20202585749567603
0.9	-0.2617993877991494	-0.5	0.25	-2.1478840974274633	0.2075992449100368
0.9	-0.1308996938995747	0.	0.25	-2.106522244052384	0.24877647652021764
0.9	0.	-0.5	0.25	-2.142869641632128	0.2311830628281269
0.9	0.1308996938995747	0.	0.25	-2.3031728049591895	0.2464549424292763
0.9	0.2617993877991494	-0.5	0.25	-2.1407038948042243	0.1729104072219229
0.9	0.39269908169872414	-0.5	0.25	-2.355606021974099	0.2089492609839802
0.9	0.5235987755982988	-0.5	0.25	-2.127130550968649	0.1967747347213007
0.9	0.6544984694978736	0.	0.25	-2.287187171920064	0.22699567443664093
0.9	0.7853981633974483	-0.5	0.25	-2.0339036869261644	0.2094341479750986
0.9	0.9162978572970231	-0.5	0.25	-2.1335025365773066	0.16983618934460742
0.9	1.0471975511965976	-0.5	0.25	-2.285566971064297	0.4051302036062185
0.9	1.1780972450961724	-0.5	0.25	-2.1442380688629155	0.3309816433821454
0.9	1.3089969389957472	-0.5	0.25	-2.4512813714129007	0.5821072512105907
0.9	1.4398966328953218	-0.5	0.25	-2.2648472060547515	0.8899929487102778
1.	-1.3089969389957472	-1.	0.25	-2.2212602225273304	0.5562788617660446
1.	-1.1780972450961724	-1.	0.25	-2.251699808613162	0.36064858123863625
1.	-1.0471975511965976	-1.	0.25	-2.1454437322289217	0.49089085746873906
1.	-0.9162978572970231	-1.	0.25	-2.116033245391323	0.3240471641307941
1.	-0.7853981633974483	-1.	0.25	-1.926595896710893	0.47520264517125815
1.	-0.6544984694978736	-1.	0.25	-1.9934624559965712	0.3194661241286116
1.	-0.5235987755982988	-1.	0.25	-1.896078948621394	0.3622898485975894
1.	-0.39269908169872414	-1.	0.25	-1.9637846455563899	0.2698018817620282
1.	-0.2617993877991494	-1.	0.25	-1.884021893428803	0.2322907937943205
1.	-0.1308996938995747	-0.5	0.25	-1.9390909009234574	0.23338914877200834
1.	0.	-1.	0.25	-2.0360386185918866	0.1610812702063109
1.	0.1308996938995747	-0.5	0.25	-2.2411966365277705	0.16884893638280685
1.	0.2617993877991494	-1.	0.25	-2.0867761882318696	0.16142114901248752
1.	0.39269908169872414	-1.	0.25	-2.0761626154579145	0.21799463931934618
1.	0.5235987755982988	-1.	0.25	-1.9594371251253657	0.20337937732850445
1.	0.6544984694978736	-1.	0.25	-2.169249544536054	0.22281624892227606
1.	0.7853981633974483	-1.	0.25	-2.1840032946655934	0.1739796099137629
1.	0.9162978572970231	-1.	0.25	-2.1858915373171928	0.16672578615006545
1.	1.0471975511965976	-1.	0.25	-2.0649575773400928	0.27991456098285467
1.	1.1780972450961724	-1.	0.25	-2.3643518931982865	0.46151969648420066
1.	1.3089969389957472	-1.	0.25	-2.2253145828778207	0.2751710514666202
1.	-1.5707963267948966	-1.	0.25	-2.3700692386857076	0.25257761057972794
1.	1.5707963267948966	-1.	0.25	-2.050539609810831	0.6441298930172801
0.9	-1.5707963267948966	-1.	0.25	-2.425581528288259	0.5139902946419093
0.8	-1.5707963267948966	-1.	0.25	-2.6566465445485186	0.9649327135607816
0.7	-1.5707963267948966	-1.	0.25	-2.7248923111170833	0.8762087815420656
0.6	-1.5707963267948966	-1.	0.25	-2.578471552434776	0.7313451028337334
0.5	-1.5707963267948966	-1.	0.25	-2.4922864039792247	1.03897592050362
0.4	-1.5707963267948966	-1.	0.25	-2.7865713019658376	1.405022805024982
0.3	-1.5707963267948966	-1.	0.25	-2.4885188970536687	3.4626090548674817
0.2	-1.5707963267948966	-1.	0.25	-2.5507368498547973	3.220310277401952
0.1	-1.5707963267948966	-1.	0.25	-2.4264720095031844	2.510750972062947
0.1	1.5707963267948966	-1.	0.25	-2.3053282350627566	1.7787212281960079
0.2	1.5707963267948966	-1.	0.25	-2.2413488460252444	1.483559671127767
0.3	1.5707963267948966	-1.	0.25	-2.1729261830524567	1.2371994165185063
0.4	1.5707963267948966	-1.	0.25	-2.264579093087438	1.4802188276883503
0.5	1.5707963267948966	-1.	0.25	-2.282162311896519	0.11228577441753074
0.6	1.5707963267948966	-1.	0.25	-2.2705616643867987	1.3905109697375742
0.7	1.5707963267948966	-1.	0.25	-2.5552938040709066	2.479967760590744
0.8	1.5707963267948966	-1.	0.25	-2.5059571282657025	1.9718621322983747
0.9	1.5707963267948966	-1.	0.25	-2.2863613746250557	1.1565808127378645
1.	-1.4398966328953218	-1.	0.25	-2.411222201091557	0.3841459384007814
1.	1.4398966328953218	-1.	0.25	-2.2076807711395663	0.43703524257232995
0.1	-1.4398966328953218	0.	0.5	-2.8467961405554933	0.8632391802725952
0.1	-1.3089969389957472	0.5	0.5	-3.0034967610290364	0.5821961945212478
0.1	-1.1780972450961724	1.	0.5	-2.2939838420650007	1.4870224406383203
0.1	-1.0471975511965976	1.	0.5	-2.9810190711497593	1.79728537736495
0.1	-0.9162978572970231	1.	0.5	-2.337001584999467	1.4364051539465592
0.1	-0.7853981633974483	1.	0.5	-3.080935624550647	1.1161951812283344
0.1	-0.6544984694978736	1.	0.5	-3.1642639223822013	1.0965196168946554
0.1	-0.5235987755982988	0.5	0.5	-3.214633554176778	0.6280632480115839
0.1	-0.39269908169872414	1.	0.5	-3.2153546569487514	1.2830418840407678
0.1	-0.2617993877991494	0.5	0.5	-2.961703850152022	0.8527350540812021
0.1	-0.1308996938995747	0.5	0.5	-3.0433120714096185	0.4462874150102772
0.1	0.	0.5	0.5	-2.9404840999456923	0.6388079698500343
0.1	0.1308996938995747	0.5	0.5	-3.0528312334887273	0.5793649891175989
0.1	0.2617993877991494	0.5	0.5	-3.019346989221698	0.3374191064724164
0.1	0.39269908169872414	1.	0.5	-3.045131080665299	1.4950335861040238
0.1	0.5235987755982988	0.5	0.5	-2.9858885919467237	0.5736541577551161
0.1	0.6544984694978736	1.	0.5	-2.9819722648020353	1.583831504954284
0.1	0.7853981633974483	1.	0.5	-2.928491843270891	1.7351036872140428
0.1	0.9162978572970231	1.	0.5	-2.2307405217933125	1.5202566082035547
0.1	1.0471975511965976	1.	0.5	-2.936615181502331	1.8495540559312318
0.1	1.1780972450961724	1.	0.5	-2.174118423627812	1.5757602829715303
0.1	1.3089969389957472	0.5	0.5	-2.991631105570203	0.4145923905439375
0.1	1.4398966328953218	0.	0.5	-2.9329917789591655	0.5140916003049137
0.2	-1.4398966328953218	-0.5	0.5	-2.8476549209957733	0.6745680001941344
0.2	-1.3089969389957472	-1.	0.5	-2.9404647654326426	0.3586984259070645
0.2	-1.1780972450961724	0.5	0.5	-3.1997859307290435	0.26755063701892545
0.2	-1.0471975511965976	-0.5	0.5	-3.06027093918306	0.4466936262920726
0.2	-0.9162978572970231	1.	0.5	-2.732937346677169	0.8634280249037846
0.2	-0.7853981633974483	-0.5	0.5	-2.9524084156756683	0.46689274993023416
0.2	-0.6544984694978736	0.5	0.5	-3.104416440617494	0.5841008582720609
0.2	-0.5235987755982988	-0.5	0.5	-2.7211422468017656	0.3436647082661486
0.2	-0.39269908169872414	0.	0.5	-2.9930639604347555	0.4469898726182194
0.2	-0.2617993877991494	1.	0.5	-2.9886822222567226	0.9542057118738877
0.2	-0.1308996938995747	-0.5	0.5	-2.941171355434972	0.3111879141527505
0.2	0.	0.	0.5	-2.6579660380465047	0.9879465462408695
0.2	0.1308996938995747	-0.5	0.5	-2.800651885847655	0.37969138682611475
0.2	0.2617993877991494	1.	0.5	-2.696643755857332	0.8009817667145671
0.2	0.39269908169872414	0.	0.5	-2.971738289606238	0.45939481966952533
0.2	0.5235987755982988	-0.5	0.5	-2.6478470092291264	0.31174804702604997
0.2	0.6544984694978736	0.5	0.5	-3.129726854052358	0.6716872670051613
0.2	0.7853981633974483	-0.5	0.5	-2.972226967283454	0.314758909464381
0.2	0.9162978572970231	1.	0.5	-2.603268133523196	1.0259261349120747
0.2	1.0471975511965976	-0.5	0.5	-3.1098939724272676	0.3724449647416328
0.2	1.1780972450961724	0.5	0.5	-3.271031791744375	0.6017005333103271
0.2	1.3089969389957472	-1.	0.5	-2.9521537795433894	0.2113752117536448
0.2	1.4398966328953218	-0.5	0.5	-2.713523655868323	0.5925982277933279
0.3	-1.4398966328953218	0.	0.5	-3.167630874553302	0.3636043454966516
0.3	-1.3089969389957472	0.5	0.5	-3.2111781167139175	0.44339489763878775
0.3	-1.1780972450961724	0.	0.5	-3.162306051875182	0.44809996428696486
0.3	-1.0471975511965976	-1.	0.5	-2.9492265921745746	0.46499021027906806
0.3	-0.9162978572970231	1.	0.5	-3.0977892548528847	0.7955634094193452
0.3	-0.7853981633974483	-1.	0.5	-2.834325759571671	0.49192782388360995
0.3	-0.6544984694978736	0.5	0.5	-2.706848165915284	0.8621753673537257
0.3	-0.5235987755982988	-0.5	0.5	-2.897599204929083	0.3525859513046379
0.3	-0.39269908169872414	1.	0.5	-2.6824745699230195	0.38916407181356893
0.3	-0.2617993877991494	0.5	0.5	-2.7500252835890002	0.3565625334926709
0.3	-0.1308996938995747	1.	0.5	-2.636850617238482	0.4604537383173299
0.3	0.	1.	0.5	-2.8325441883858797	0.8507161862168598
0.3	0.1308996938995747	1.	0.5	-2.6315625747594957	0.5151107635518731
0.3	0.2617993877991494	0.5	0.5	-2.7786441901296506	0.5621524224641139
0.3	0.39269908169872414	1.	0.5	-2.587056075634104	0.6125774628131436
0.3	0.5235987755982988	-0.5	0.5	-2.694648282719882	0.18524407641670526
0.3	0.6544984694978736	0.5	0.5	-2.8409800282508297	0.5235247800683654
0.3	0.7853981633974483	-1.	0.5	-2.622497428040276	0.14879445335134245
0.3	0.9162978572970231	1.	0.5	-2.9374272718838603	0.8171652786381737
0.3	1.0471975511965976	-1.	0.5	-2.5430460871107576	0.2510396725147986
0.3	1.1780972450961724	0.	0.5	-2.8190293139111104	0.38004719271517934
0.3	1.3089969389957472	0.5	0.5	-2.831177482292155	0.7095090125111817
0.3	1.4398966328953218	0.	0.5	-2.7911620499057888	0.32697532821186565
0.4	-1.4398966328953218	0.5	0.5	-3.063238101200397	0.5464324264315934
0.4	-1.3089969389957472	1.	0.5	-3.214008841612082	0.47299316351210763
0.4	-1.1780972450961724	0.5	0.5	-2.795184689160867	0.39496439789151283
0.4	-1.0471975511965976	0.	0.5	-2.8669787848485124	0.31239062903680775
0.4	-0.9162978572970231	0.5	0.5	-2.9944036659090845	0.3444872047321213
0.4	-0.7853981633974483	1.	0.5	-2.7057221763176407	0.3539294671517736
0.4	-0.6544984694978736	1.	0.5	-2.791835739332013	0.3837785260378011
0.4	-0.5235987755982988	0.5	0.5	-2.8751732302744926	0.46941098099185746
0.4	-0.39269908169872414	1.	0.5	-2.756415161042929	0.4290512751149365
0.4	-0.2617993877991494	1.	0.5	-2.695752940913082	0.45860133578825285
0.4	-0.1308996938995747	1.	0.5	-2.6921628639077437	0.4124711547458091
0.4	0.	1.	0.5	-2.7877068874717494	0.8652334532114055
0.4	0.1308996938995747	1.	0.5	-2.7396508066903555	0.7513415009697282
0.4	0.2617993877991494	1.	0.5	-2.695810765166355	0.5690568856749345
0.4	0.39269908169872414	1.	0.5	-2.6906054969217394	0.6158957630484662
0.4	0.5235987755982988	0.5	0.5	-2.9844462463114563	0.7408653331886832
0.4	0.6544984694978736	1.	0.5	-2.599737549789015	0.4733932260774563
0.4	0.7853981633974483	1.	0.5	-2.3475997348047892	0.45651908691294596
0.4	0.9162978572970231	0.5	0.5	-2.8190149992481426	0.5751860932165952
0.4	1.0471975511965976	0.	0.5	-2.717062365948295	0.5708397333590312
0.4	1.1780972450961724	0.5	0.5	-2.572698531219616	0.47485429777527827
0.4	1.3089969389957472	1.	0.5	-2.8279690542890545	1.0724261997876723
0.4	1.4398966328953218	0.5	0.5	-2.972825345662127	0.964875410817259
0.5	-1.4398966328953218	-0.5	0.5	-2.8020662083270564	0.4367455761259101
0.5	-1.3089969389957472	0.	0.5	-2.945841756721697	0.3371744377414844
0.5	-1.1780972450961724	0.	0.5	-2.600072786782877	0.33583846602256173
0.5	-1.0471975511965976	0.	0.5	-2.8239698271962412	0.46781892287366217
0.5	-0.9162978572970231	0.5	0.5	-2.870818660650856	0.3661781653261953
0.5	-0.7853981633974483	0.	0.5	-2.619113612789182	0.59400389369946
0.5	-0.6544984694978736	1.	0.5	-2.5554153237870616	0.258415483741128
0.5	-0.5235987755982988	0.	0.5	-2.5296556820982046	0.5192476480513629
0.5	-0.39269908169872414	0.	0.5	-2.4668254813328683	0.4218411532471616
0.5	-0.2617993877991494	0.	0.5	-2.4535336935955145	0.3976243616966315
0.5	-0.1308996938995747	1.	0.5	-2.755496817205695	0.5098004614775556
0.5	0.	0.	0.5	-2.437878845730095	0.26259576352588326
0.5	0.1308996938995747	1.	0.5	-2.7063932928857275	0.6232962729181245
0.5	0.2617993877991494	0.	0.5	-2.501957453298105	0.30947823367097055
0.5	0.39269908169872414	0.	0.5	-2.4229804946648623	0.2486092873696861
0.5	0.5235987755982988	0.	0.5	-2.550527656103043	0.3345835947379192
0.5	0.6544984694978736	1.	0.5	-2.414793903257198	0.3982864876268961
0.5	0.7853981633974483	0.	0.5	-2.5898466591295457	0.3841551179457981
0.5	0.9162978572970231	0.5	0.5	-2.8791205073417356	0.6479410539646887
0.5	1.0471975511965976	0.	0.5	-2.572281191232424	0.5032480253648032
0.5	1.1780972450961724	0.	0.5	-2.418132469520506	0.35946516719447325
0.5	1.3089969389957472	0.	0.5	-2.8537791421619705	1.0160667348854777
0.5	1.4398966328953218	-0.5	0.5	-2.495753882658204	0.35742663944963976
0.6	-1.4398966328953218	1.	0.5	-3.2174981825841766	0.28655286831688276
0.6	-1.3089969389957472	-1.	0.5	-2.788178238223045	0.3980250296808825
0.6	-1.1780972450961724	-0.5	0.5	-2.727541537802668	0.5354307620347478
0.6	-1.0471975511965976	0.	0.5	-2.7326999178639038	0.5468250326303441
0.6	-0.9162978572970231	1.	0.5	-2.9216185175024822	0.4196187986613711
0.6	-0.7853981633974483	0.	0.5	-2.6442040827039404	0.4838674850193409
0.6	-0.6544984694978736	0.5	0.5	-2.4177771035465	0.41738355679592215
0.6	-0.5235987755982988	1.	0.5	-2.792024855080236	0.4632409743291449
0.6	-0.39269908169872414	-1.	0.5	-2.3439816569336234	0.34849517320055445
0.6	-0.2617993877991494	-1.	0.5	-2.3687725569225715	0.23269248098201076
0.6	-0.1308996938995747	-0.5	0.5	-2.508771271531232	0.2482296478231265
0.6	0.	-0.5	0.5	-2.5009165781144236	0.2519680020997574
0.6	0.1308996938995747	-0.5	0.5	-2.2219321930784055	0.23358931402890742
0.6	0.2617993877991494	-1.	0.5	-2.2575178634302002	0.22805438392156516
0.6	0.39269908169872414	-1.	0.5	-2.4376120435741035	0.1981306141930894
0.6	0.5235987755982988	1.	0.5	-2.568234064738753	0.5005077223248555
0.6	0.6544984694978736	0.5	0.5	-2.317203409972196	0.3110651264421934
0.6	0.7853981633974483	0.	0.5	-2.4910135389872043	0.41882622303683775
0.6	0.9162978572970231	1.	0.5	-2.5386880548195303	0.7231029832890672
0.6	1.0471975511965976	0.	0.5	-2.6575595538863723	0.6800217953137005
0.6	1.1780972450961724	-0.5	0.5	-2.4330680156082187	0.3668035774548652
0.6	1.3089969389957472	-1.	0.5	-2.4606187940044686	0.25899316652009075
0.6	1.4398966328953218	1.	0.5	-2.6593100885256886	1.395816465648663
0.7	-1.4398966328953218	1.	0.5	-3.0845644613354035	0.7934711416556769
0.7	-1.3089969389957472	0.5	0.5	-3.020080182301933	0.7986250052608208
0.7	-1.1780972450961724	1.	0.5	-2.962273762866125	0.3325387350154355
0.7	-1.0471975511965976	0.	0.5	-2.5094954141178385	0.47980229756345133
0.7	-0.9162978572970231	0.5	0.5	-2.6603573289055094	0.5602373136710364
0.7	-0.7853981633974483	0.5	0.5	-2.5509059870583757	0.3994563020031256
0.7	-0.6544984694978736	0.5	0.5	-2.4519381552887154	0.3357550978772582
0.7	-0.5235987755982988	0.5	0.5	-2.4419635138711984	0.4421357788005942
0.7	-0.39269908169872414	0.5	0.5	-2.3014941270781497	0.3470391768870747
0.7	-0.2617993877991494	0.5	0.5	-2.24095760411642	0.40735634817556277
0.7	-0.1308996938995747	0.5	0.5	-2.1628913604370283	0.3571876847370652
0.7	0.	1.	0.5	-2.461141218234148	0.4696350890074967
0.7	0.1308996938995747	0.5	0.5	-2.2526093006150334	0.3470712037343035
0.7	0.2617993877991494	0.5	0.5	-2.2169264719154524	0.21686143939239866
0.7	0.39269908169872414	0.5	0.5	-2.2385795558555426	0.22867979629670385
0.7	0.5235987755982988	0.5	0.5	-2.6427273994074034	0.5744094423699897
0.7	0.6544984694978736	0.5	0.5	-2.1943848326702806	0.41607022554449696
0.7	0.7853981633974483	0.5	0.5	-2.3145509129694255	0.5279883422214185
0.7	0.9162978572970231	0.5	0.5	-2.583878726481329	0.5763380207552363
0.7	1.0471975511965976	0.	0.5	-2.1352131737231392	0.24062070428495808
0.7	1.1780972450961724	1.	0.5	-2.4405864541502065	0.7324037422381625
0.7	1.3089969389957472	0.5	0.5	-2.4264917930455825	0.8936614933548537
0.7	1.4398966328953218	1.	0.5	-2.6360679510806597	1.0046847271437451
0.8	-1.4398966328953218	0.	0.5	-2.735300106748277	0.29396209349827707
0.8	-1.3089969389957472	-0.5	0.5	-2.664101665622624	0.3553702997685836
0.8	-1.1780972450961724	0.5	0.5	-2.7169787199769817	0.4074540914349899
0.8	-1.0471975511965976	-0.5	0.5	-2.375725086194659	0.3464845659015434
0.8	-0.9162978572970231	0.	0.5	-2.5193290104090025	0.41255911779775073
0.8	-0.7853981633974483	0.	0.5	-2.3742122246965716	0.3793853420969285
0.8	-0.6544984694978736	0.5	0.5	-2.4126502149645614	0.32837476385197606
0.8	-0.5235987755982988	0.	0.5	-2.2126610845271513	0.2845170802703881
0.8	-0.39269908169872414	0.	0.5	-2.1206888609014376	0.24005842531185642
0.8	-0.2617993877991494	0.	0.5	-2.2127088135358814	0.23035239732015592
0.8	-0.1308996938995747	0.	0.5	-1.977456391709828	0.27775753710371276
0.8	0.	0.	0.5	-2.044441221836911	0.2334770979832659
0.8	0.1308996938995747	0.	0.5	-2.1300670257788976	0.3027204504320483
0.8	0.2617993877991494	0.	0.5	-2.0471412189018907	0.2290359014289775
0.8	0.39269908169872414	0.	0.5	-2.0481140016484	0.19151288776747083
0.8	0.5235987755982988	0.	0.5	-2.1294942064475078	0.21303623553180748
0.8	0.6544984694978736	0.5	0.5	-2.189494684958653	0.288816698287256
0.8	0.7853981633974483	0.	0.5	-2.205236012804978	0.23469821284388184
0.8	0.9162978572970231	0.	0.5	-2.603353640787008	0.2633784546066153
0.8	1.0471975511965976	-0.5	0.5	-2.1542510772035324	0.27475023548634725
0.8	1.1780972450961724	0.5	0.5	-2.230668374037927	1.044674535527256
0.8	1.3089969389957472	-0.5	0.5	-2.2557016222620048	0.32456451519311397
0.8	1.4398966328953218	0.	0.5	-2.2701346962387126	0.5735609497049495
0.9	-1.4398966328953218	-0.5	0.5	-2.650954528338225	0.32444683042729267
0.9	-1.3089969389957472	-0.5	0.5	-2.576379981769383	0.4214971100142905
0.9	-1.1780972450961724	-0.5	0.5	-2.4141862097825375	0.6541981718945186
0.9	-1.0471975511965976	-0.5	0.5	-2.354786326692408	0.539453632516225
0.9	-0.9162978572970231	-0.5	0.5	-2.185542091914911	0.44464368222702344
0.9	-0.7853981633974483	-0.5	0.5	-2.1619447640605878	0.3673068788712346
0.9	-0.6544984694978736	0.	0.5	-2.2741766529082175	0.37849314073366835
0.9	-0.5235987755982988	-0.5	0.5	-2.110708958007551	0.29240959239784403
0.9	-0.39269908169872414	-0.5	0.5	-2.0444094086538045	0.19259691626747713
0.9	-0.2617993877991494	-0.5	0.5	-2.1052802938186006	0.19999441458036635
0.9	-0.1308996938995747	0.	0.5	-2.0542184051391863	0.26710082951849917
0.9	0.	-0.5	0.5	-2.0866084354925722	0.24899383197504701
0.9	0.1308996938995747	0.	0.5	-2.2558119104351433	0.2788076122217234
0.9	0.2617993877991494	-0.5	0.5	-2.074528371314962	0.20923614741559618
0.9	0.39269908169872414	-0.5	0.5	-2.288594000527359	0.23568442534165684
0.9	0.5235987755982988	-0.5	0.5	-2.0062717903271037	0.2176175034775037
0.9	0.6544984694978736	0.	0.5	-2.2188161454608135	0.2752520052097478
0.9	0.7853981633974483	-0.5	0.5	-1.941054752036669	0.23025958413484893
0.9	0.9162978572970231	-0.5	0.5	-2.0447829132230853	0.1857446262437968
0.9	1.0471975511965976	-0.5	0.5	-2.204235999024247	0.38391557191985853
0.9	1.1780972450961724	-0.5	0.5	-2.0456735431435003	0.2867123153622714
0.9	1.3089969389957472	-0.5	0.5	-2.386122096488991	0.6521837921658354
0.9	1.4398966328953218	-0.5	0.5	-2.156982298768116	0.9256060043223309
1.	-1.3089969389957472	-1.	0.5	-2.240047762277417	0.5145523113405555
1.	-1.1780972450961724	-1.	0.5	-2.1995081752790187	0.31440190455343286
1.	-1.0471975511965976	-1.	0.5	-2.106584521130637	0.5388294022609783
1.	-0.9162978572970231	-1.	0.5	-2.0565089257612583	0.46623891418600555
1.	-0.7853981633974483	-1.	0.5	-1.8573763269836658	0.6015523731902769
1.	-0.6544984694978736	-1.	0.5	-1.9323266935116588	0.3762856210269409
1.	-0.5235987755982988	-1.	0.5	-1.8526498747011688	0.3721111693150537
1.	-0.39269908169872414	-1.	0.5	-1.9281398957611378	0.2897052952863237
1.	-0.2617993877991494	-1.	0.5	-1.8328121956695218	0.19797558849947616
1.	-0.1308996938995747	-0.5	0.5	-1.8832654804362983	0.21024713044742388
1.	0.	-1.	0.5	-1.971723531857711	0.1369846992037754
1.	0.1308996938995747	-0.5	0.5	-2.1820246561461594	0.21282198868236082
1.	0.2617993877991494	-1.	0.5	-2.039703523835698	0.19848190155583095
1.	0.39269908169872414	-1.	0.5	-1.9875175150280704	0.22630386407494904
1.	0.5235987755982988	-1.	0.5	-1.8490949328830402	0.19534726724840887
1.	0.6544984694978736	-1.	0.5	-2.0245998869263295	0.224559336868678
1.	0.7853981633974483	-1.	0.5	-2.0631581795341187	0.15508082485418476
1.	0.9162978572970231	-1.	0.5	-2.0445019670211892	0.15386873269104911
1.	1.0471975511965976	-1.	0.5	-1.9380097795450981	0.276568310159286
1.	1.1780972450961724	-1.	0.5	-2.252371669137853	0.4280317684816863
1.	1.3089969389957472	-1.	0.5	-2.133081399749629	0.24677894187017654
1.	-1.5707963267948966	-1.	0.5	-2.468094596454126	0.3909544153812517
1.	1.5707963267948966	-1.	0.5	-2.0690152990543518	0.8621282372322117
0.9	-1.5707963267948966	-1.	0.5	-2.5343130183581226	0.9613633605072273
0.8	-1.5707963267948966	-1.	0.5	-2.6205516078826725	1.4146750872887077
0.7	-1.5707963267948966	-1.	0.5	-2.6967076409566904	1.3062948894036794
0.6	-1.5707963267948966	-1.	0.5	-2.7028012796225487	1.3806854146974783
0.5	-1.5707963267948966	-1.	0.5	-2.59083568852351	1.825113023915716
0.4	-1.5707963267948966	-1.	0.5	-2.82041376430555	1.5384241926494255
0.3	-1.5707963267948966	-1.	0.5	-2.44583180953282	3.699338810654852
0.2	-1.5707963267948966	-1.	0.5	-2.510137450325414	3.4196413092921856
0.1	-1.5707963267948966	-1.	0.5	-2.4532114424308586	3.418895981274848
0.1	1.5707963267948966	-1.	0.5	-2.3461248929945078	2.4627440119064645
0.2	1.5707963267948966	-1.	0.5	-2.280551184121744	1.8756184078484464
0.3	1.5707963267948966	-1.	0.5	-2.213611465958004	1.5274135048874415
0.4	1.5707963267948966	-1.	0.5	-2.190427032577552	1.5027312073438992
0.5	1.5707963267948966	-1.	0.5	-2.4017420688704045	0.20207384938544198
0.6	1.5707963267948966	-1.	0.5	-2.3464283889408013	1.9522261944095611
0.7	1.5707963267948966	-1.	0.5	-2.4645525021383254	2.473107406438259
0.8	1.5707963267948966	-1.	0.5	-2.3876857927517894	1.8393631204561738
0.9	1.5707963267948966	-1.	0.5	-2.3274048682316804	1.6216829192960918
1.	-1.4398966328953218	-1.	0.5	-2.4527846987951594	0.4410925488360597
1.	1.4398966328953218	-1.	0.5	-2.1215885289214693	0.4185684967257873
0.1	-1.4398966328953218	0.	0.75	-2.8338274523529337	1.1751170103628656
0.1	-1.3089969389957472	0.5	0.75	-3.0111937821405186	0.6397971517812986
0.1	-1.1780972450961724	1.	0.75	-2.3136194220340442	1.5526408639962066
0.1	-1.0471975511965976	1.	0.75	-2.85893652496766	2.2688554605491382
0.1	-0.9162978572970231	1.	0.75	-2.343133016530051	1.4920410790445149
0.1	-0.7853981633974483	1.	0.75	-3.057905919680958	1.9177832037411255
0.1	-0.6544984694978736	1.	0.75	-3.1050679384823776	1.797417505431961
0.1	-0.5235987755982988	0.5	0.75	-3.3009498618371005	0.7231960088784671
0.1	-0.39269908169872414	1.	0.75	-3.1354222892119696	2.0813514004026064
0.1	-0.2617993877991494	0.5	0.75	-3.0388419984587127	0.9414195160141142
0.1	-0.1308996938995747	0.5	0.75	-3.1009503274451764	0.6041616211303189
0.1	0.	0.5	0.75	-2.959141144860948	0.8699758790637607
0.1	0.1308996938995747	0.5	0.75	-3.1038139155386437	0.5950404700057405
0.1	0.2617993877991494	0.5	0.75	-3.053835494161798	0.4048540638026018
0.1	0.39269908169872414	1.	0.75	-2.9564523737143755	2.112833890324051
0.1	0.5235987755982988	0.5	0.75	-3.075843689916307	0.684502023859193
0.1	0.6544984694978736	1.	0.75	-2.95098303624015	2.1446516660511463
0.1	0.7853981633974483	1.	0.75	-2.889222860515721	2.089806395668602
0.1	0.9162978572970231	1.	0.75	-2.209986974814934	1.640160316022589
0.1	1.0471975511965976	1.	0.75	-2.9260653215900865	2.230096583571014
0.1	1.1780972450961724	1.	0.75	-2.167706141621641	1.6467557078232795
0.1	1.3089969389957472	0.5	0.75	-3.026337817138141	0.5895504056157685
0.1	1.4398966328953218	0.	0.75	-2.9767168642373267	0.7254059759193126
0.2	-1.4398966328953218	-0.5	0.75	-2.943772114474263	0.6873121740492656
0.2	-1.3089969389957472	-1.	0.75	-3.0544550038274227	0.4285997178987049
0.2	-1.1780972450961724	0.5	0.75	-3.3064924331954737	0.26756333689353123
0.2	-1.0471975511965976	-0.5	0.75	-3.1811657913494313	0.38724166326343223
0.2	-0.9162978572970231	1.	0.75	-2.7533189576314947	1.156270386892459
0.2	-0.7853981633974483	-0.5	0.75	-3.0088522224216043	0.6835206151915346
0.2	-0.6544984694978736	0.5	0.75	-3.160987033129615	0.7638455332716368
0.2	-0.5235987755982988	-0.5	0.75	-2.7539679870168357	0.4817609299666232
0.2	-0.39269908169872414	0.	0.75	-3.052686015968721	0.6568250572312345
0.2	-0.2617993877991494	1.	0.75	-2.9456311714801684	1.4624562080270973
0.2	-0.1308996938995747	-0.5	0.75	-2.986652203823253	0.3726406238105728
0.2	0.	0.	0.75	-2.6361176943394065	1.402695240668089
0.2	0.1308996938995747	-0.5	0.75	-2.8023273646389772	0.43818678425949564
0.2	0.2617993877991494	1.	0.75	-2.6295999179623526	1.085112912885656
0.2	0.39269908169872414	0.	0.75	-3.0050900777627456	0.5499408555273101
0.2	0.5235987755982988	-0.5	0.75	-2.6644629396320867	0.45348503756114855
0.2	0.6544984694978736	0.5	0.75	-3.1684728524619232	0.8060185038286086
0.2	0.7853981633974483	-0.5	0.75	-2.989749188937649	0.40391873408955153
0.2	0.9162978572970231	1.	0.75	-2.6470690212921633	1.0330961419225964
0.2	1.0471975511965976	-0.5	0.75	-3.234716420914395	0.5676781090732784
0.2	1.1780972450961724	0.5	0.75	-3.383031510467907	0.6953190523273605
0.2	1.3089969389957472	-1.	0.75	-3.1542310155492967	0.3888787433186533
0.2	1.4398966328953218	-0.5	0.75	-2.711088793409322	0.8181190004147499
0.3	-1.4398966328953218	0.	0.75	-3.20389392420888	0.3400136899766386
0.3	-1.3089969389957472	0.5	0.75	-3.264609611154193	0.5170162749558398
0.3	-1.1780972450961724	0.	0.75	-3.242365669546562	0.4351659493865498
0.3	-1.0471975511965976	-1.	0.75	-3.0136926000591133	0.5079695238451831
0.3	-0.9162978572970231	1.	0.75	-3.1262278474173293	1.135723517377178
0.3	-0.7853981633974483	-1.	0.75	-2.8913261782734576	0.42100915942958234
0.3	-0.6544984694978736	0.5	0.75	-2.764900555837392	0.9631709044978701
0.3	-0.5235987755982988	-0.5	0.75	-2.9165202748308356	0.3675829640488999
0.3	-0.39269908169872414	1.	0.75	-2.676098491474725	0.5946468600665853
0.3	-0.2617993877991494	0.5	0.75	-2.7927721867743185	0.3046660763542741
0.3	-0.1308996938995747	1.	0.75	-2.6122636673391555	0.7359178316677364
0.3	0.	1.	0.75	-2.8101141572537065	1.08927178850324
0.3	0.1308996938995747	1.	0.75	-2.612778835070411	0.6948802100822312
0.3	0.2617993877991494	0.5	0.75	-2.8183414375841247	0.5378297521741592
0.3	0.39269908169872414	1.	0.75	-2.5678592965409206	0.76271822965163
0.3	0.5235987755982988	-0.5	0.75	-2.6852627595605827	0.27063656643862083
0.3	0.6544984694978736	0.5	0.75	-2.883798503144936	0.5691434066132812
0.3	0.7853981633974483	-1.	0.75	-2.6184762042068144	0.19155774742285833
0.3	0.9162978572970231	1.	0.75	-2.97279572357784	0.9538198537776449
0.3	1.0471975511965976	-1.	0.75	-2.5460528141953778	0.25195920309502745
0.3	1.1780972450961724	0.	0.75	-2.8058716640338552	0.5255137931772451
0.3	1.3089969389957472	0.5	0.75	-2.857182540474164	0.7601516665125458
0.3	1.4398966328953218	0.	0.75	-2.826427012777981	0.5849657409043865
0.4	-1.4398966328953218	0.5	0.75	-3.1153930693274594	0.5450501980533908
0.4	-1.3089969389957472	1.	0.75	-3.3169761943654814	0.5559031214950229
0.4	-1.1780972450961724	0.5	0.75	-2.8036000919558375	0.3733101196755485
0.4	-1.0471975511965976	0.	0.75	-2.8750101142504683	0.2981579433030592
0.4	-0.9162978572970231	0.5	0.75	-3.05834230949965	0.35388632890526023
0.4	-0.7853981633974483	1.	0.75	-2.7516801847650108	0.38200437549181004
0.4	-0.6544984694978736	1.	0.75	-2.815009073143746	0.5650687921083836
0.4	-0.5235987755982988	0.5	0.75	-2.8931828358230534	0.4221529463113112
0.4	-0.39269908169872414	1.	0.75	-2.74444585162359	0.5992237727710208
0.4	-0.2617993877991494	1.	0.75	-2.665751084384692	0.6443518028187014
0.4	-0.1308996938995747	1.	0.75	-2.6576855062631743	0.6793807101925106
0.4	0.	1.	0.75	-2.7590528019472895	1.095954278107853
0.4	0.1308996938995747	1.	0.75	-2.710061720691603	0.9260000353137036
0.4	0.2617993877991494	1.	0.75	-2.6857686010485233	0.6622852549369442
0.4	0.39269908169872414	1.	0.75	-2.6936470277906026	0.6419796243331993
0.4	0.5235987755982988	0.5	0.75	-2.9989446111656846	0.8947218243711561
0.4	0.6544984694978736	1.	0.75	-2.5823836898591215	0.4845161785868884
0.4	0.7853981633974483	1.	0.75	-2.3472290290465883	0.43935620512849033
0.4	0.9162978572970231	0.5	0.75	-2.7959058895004882	0.6047056909202957
0.4	1.0471975511965976	0.	0.75	-2.6982482753005272	0.7143618118698501
0.4	1.1780972450961724	0.5	0.75	-2.5492408379047458	0.4849841379984051
0.4	1.3089969389957472	1.	0.75	-2.8676540958227235	1.0026754368858293
0.4	1.4398966328953218	0.5	0.75	-2.9681258537265864	0.993056862480389
0.5	-1.4398966328953218	-0.5	0.75	-2.8775620006909093	0.42147407668230596
0.5	-1.3089969389957472	0.	0.75	-3.030968209702804	0.4039632322805074
0.5	-1.1780972450961724	0.	0.75	-2.6057346673638526	0.2947470407256579
0.5	-1.0471975511965976	0.	0.75	-2.8606306906442813	0.4886847183864665
0.5	-0.9162978572970231	0.5	0.75	-2.9398776323196647	0.36505859704536936
0.5	-0.7853981633974483	0.	0.75	-2.605657013764894	0.887840365823979
0.5	-0.6544984694978736	1.	0.75	-2.6090540548036376	0.27683070190439857
0.5	-0.5235987755982988	0.	0.75	-2.4836953518390614	0.7575429859374608
0.5	-0.39269908169872414	0.	0.75	-2.4277384401276714	0.5236774890662169
0.5	-0.2617993877991494	0.	0.75	-2.4187560211172023	0.4661417874711626
0.5	-0.1308996938995747	1.	0.75	-2.68537131708935	0.7622231984014187
0.5	0.	0.	0.75	-2.4170701935349297	0.25870222487690214
0.5	0.1308996938995747	1.	0.75	-2.683749556236545	0.7201324854114808
0.5	0.2617993877991494	0.	0.75	-2.492897184525492	0.30673962316124814
0.5	0.39269908169872414	0.	0.75	-2.3959750735046312	0.2916510756292036
0.5	0.5235987755982988	0.	0.75	-2.5197556142734134	0.4425842106113131
0.5	0.6544984694978736	1.	0.75	-2.3900052397045	0.37119363595131355
0.5	0.7853981633974483	0.	0.75	-2.5399251159920366	0.5146519005140413
0.5	0.9162978572970231	0.5	0.75	-2.8898934546681967	0.49411320062923647
0.5	1.0471975511965976	0.	0.75	-2.5001747869842976	0.5805607390799651
0.5	1.1780972450961724	0.	0.75	-2.352741619898632	0.4596457308958655
0.5	1.3089969389957472	0.	0.75	-2.7851651070285652	1.2891945829210363
0.5	1.4398966328953218	-0.5	0.75	-2.469008968967535	0.5403738274656361
0.6	-1.4398966328953218	1.	0.75	-3.3367578233925665	0.282330893380654
0.6	-1.3089969389957472	-1.	0.75	-2.8419458385797194	0.44834543473551186
0.6	-1.1780972450961724	-0.5	0.75	-2.7570153622294717	0.5680995658554959
0.6	-1.0471975511965976	0.	0.75	-2.7546587865435144	0.5933391534256016
0.6	-0.9162978572970231	1.	0.75	-2.972029460277953	0.411152469245516
0.6	-0.7853981633974483	0.	0.75	-2.6470018712266272	0.5152016946460001
0.6	-0.6544984694978736	0.5	0.75	-2.414904378701958	0.5401588265699347
0.6	-0.5235987755982988	1.	0.75	-2.80354733601729	0.4539040642648015
0.6	-0.39269908169872414	-1.	0.75	-2.3187923876734655	0.4697963401864786
0.6	-0.2617993877991494	-1.	0.75	-2.3316231365183744	0.22888730313589564
0.6	-0.1308996938995747	-0.5	0.75	-2.4843078336917883	0.24953950292932578
0.6	0.	-0.5	0.75	-2.490957934725184	0.3160998190777504
0.6	0.1308996938995747	-0.5	0.75	-2.180932104463596	0.24196282078702938
0.6	0.2617993877991494	-1.	0.75	-2.196529707395078	0.24359995748442123
0.6	0.39269908169872414	-1.	0.75	-2.446366066296532	0.23777989450545736
0.6	0.5235987755982988	1.	0.75	-2.5781975131996324	0.5311115904040536
0.6	0.6544984694978736	0.5	0.75	-2.2817605997205876	0.32798909498233664
0.6	0.7853981633974483	0.	0.75	-2.4122205785214277	0.4606537704760552
0.6	0.9162978572970231	1.	0.75	-2.54163555582244	0.7455731227155511
0.6	1.0471975511965976	0.	0.75	-2.5838580205608426	0.7568201236157944
0.6	1.1780972450961724	-0.5	0.75	-2.3730617362996616	0.3909760224399984
0.6	1.3089969389957472	-1.	0.75	-2.404999645909495	0.2943881374085193
0.6	1.4398966328953218	1.	0.75	-2.707923785856825	1.4647467079189858
0.7	-1.4398966328953218	1.	0.75	-3.1983116695610727	1.1097562485012271
0.7	-1.3089969389957472	0.5	0.75	-3.135093459609875	0.7145878122935669
0.7	-1.1780972450961724	1.	0.75	-3.0471526433668195	0.3248169802084549
0.7	-1.0471975511965976	0.	0.75	-2.4729829381384323	0.41837184820946244
0.7	-0.9162978572970231	0.5	0.75	-2.678164177750279	0.6297705108578877
0.7	-0.7853981633974483	0.5	0.75	-2.567264881992988	0.4460291325474011
0.7	-0.6544984694978736	0.5	0.75	-2.4492020962481407	0.41310053315085904
0.7	-0.5235987755982988	0.5	0.75	-2.4465404037578993	0.5935662955459362
0.7	-0.39269908169872414	0.5	0.75	-2.2648113485734567	0.43684419034969163
0.7	-0.2617993877991494	0.5	0.75	-2.2085558511198013	0.5070307871190548
0.7	-0.1308996938995747	0.5	0.75	-2.1697646276095037	0.42858181703909487
0.7	0.	1.	0.75	-2.4064081972767384	0.5192564275133503
0.7	0.1308996938995747	0.5	0.75	-2.2393939344055274	0.36450173228099475
0.7	0.2617993877991494	0.5	0.75	-2.186046692312933	0.2883328304796116
0.7	0.39269908169872414	0.5	0.75	-2.1978759532555623	0.28956980924176867
0.7	0.5235987755982988	0.5	0.75	-2.6472405652165247	0.6773355335658577
0.7	0.6544984694978736	0.5	0.75	-2.1753021115523397	0.44858919457658847
0.7	0.7853981633974483	0.5	0.75	-2.262202260693987	0.5622190112518014
0.7	0.9162978572970231	0.5	0.75	-2.6109909106263722	0.4288187615664954
0.7	1.0471975511965976	0.	0.75	-2.0620845111387482	0.26099660961117505
0.7	1.1780972450961724	1.	0.75	-2.446411170890412	0.6471046187803157
0.7	1.3089969389957472	0.5	0.75	-2.392721243591939	0.892852479189826
0.7	1.4398966328953218	1.	0.75	-2.680544296722257	0.9983790815398043
0.8	-1.4398966328953218	0.	0.75	-2.8221895579246783	0.35666250086250795
0.8	-1.3089969389957472	-0.5	0.75	-2.68397952692055	0.39942349007201344
0.8	-1.1780972450961724	0.5	0.75	-2.7513900239068194	0.41382488662335715
0.8	-1.0471975511965976	-0.5	0.75	-2.334212636966558	0.45514809545730944
0.8	-0.9162978572970231	0.	0.75	-2.5165194310438728	0.4045740143599392
0.8	-0.7853981633974483	0.	0.75	-2.350823839213992	0.41634952622462135
0.8	-0.6544984694978736	0.5	0.75	-2.3828118470544695	0.3625942431659594
0.8	-0.5235987755982988	0.	0.75	-2.1727605110963752	0.31231761048853984
0.8	-0.39269908169872414	0.	0.75	-2.0866412412944326	0.256334145461343
0.8	-0.2617993877991494	0.	0.75	-2.208973063980168	0.2886530575440208
0.8	-0.1308996938995747	0.	0.75	-1.9569189213508678	0.3155925737514152
0.8	0.	0.	0.75	-2.0327206495932795	0.24641754099781263
0.8	0.1308996938995747	0.	0.75	-2.1029036341119633	0.323984207841242
0.8	0.2617993877991494	0.	0.75	-2.011523652143022	0.24915395688171302
0.8	0.39269908169872414	0.	0.75	-1.9990343785852935	0.216542732058005
0.8	0.5235987755982988	0.	0.75	-2.058518107524962	0.22218400110640163
0.8	0.6544984694978736	0.5	0.75	-2.1665262009719326	0.30926312132629397
0.8	0.7853981633974483	0.	0.75	-2.1607166895416716	0.2500922000797364
0.8	0.9162978572970231	0.	0.75	-2.594869929312038	0.26020631342062694
0.8	1.0471975511965976	-0.5	0.75	-2.055926057425037	0.2750235261876597
0.8	1.1780972450961724	0.5	0.75	-2.252019020026252	0.9007370782487482
0.8	1.3089969389957472	-0.5	0.75	-2.1774478108921267	0.2997817773417792
0.8	1.4398966328953218	0.	0.75	-2.197342911464314	0.6064948730618978
0.9	-1.4398966328953218	-0.5	0.75	-2.726753165553675	0.333010208515105
0.9	-1.3089969389957472	-0.5	0.75	-2.575906847163902	0.49880123563539686
0.9	-1.1780972450961724	-0.5	0.75	-2.3963837544154747	0.60842628200469
0.9	-1.0471975511965976	-0.5	0.75	-2.3181797293813173	0.688183202589979
0.9	-0.9162978572970231	-0.5	0.75	-2.1283527318330773	0.4143905553252899
0.9	-0.7853981633974483	-0.5	0.75	-2.112099013817852	0.35438172193292555
0.9	-0.6544984694978736	0.	0.75	-2.242559798394875	0.4343741435167246
0.9	-0.5235987755982988	-0.5	0.75	-2.0763854028165825	0.3073887571568893
0.9	-0.39269908169872414	-0.5	0.75	-1.9864018297496024	0.2221664133072116
0.9	-0.2617993877991494	-0.5	0.75	-2.085875051204924	0.21522790123307015
0.9	-0.1308996938995747	0.	0.75	-2.0242795976329133	0.2960840203861171
0.9	0.	-0.5	0.75	-2.04527309751694	0.3014487061456074
0.9	0.1308996938995747	0.	0.75	-2.2115494603019865	0.3438510045788311
0.9	0.2617993877991494	-0.5	0.75	-2.016682549173198	0.25443641830734554
0.9	0.39269908169872414	-0.5	0.75	-2.2239253211723398	0.27854841457948887
0.9	0.5235987755982988	-0.5	0.75	-1.920238393801396	0.24922411892811333
0.9	0.6544984694978736	0.	0.75	-2.1645665388149156	0.25008301794995746
0.9	0.7853981633974483	-0.5	0.75	-1.8943915205149935	0.26035669938628186
0.9	0.9162978572970231	-0.5	0.75	-1.9779272923520392	0.2020119606685029
0.9	1.0471975511965976	-0.5	0.75	-2.139810422577043	0.36736051850779305
0.9	1.1780972450961724	-0.5	0.75	-1.9787456506695567	0.235453935918253
0.9	1.3089969389957472	-0.5	0.75	-2.3283077926159326	0.665299603588473
0.9	1.4398966328953218	-0.5	0.75	-2.1075815323770586	0.9328255760468228
1.	-1.3089969389957472	-1.	0.75	-2.2835651443421923	0.41659764616491524
1.	-1.1780972450961724	-1.	0.75	-2.1719079342334933	0.3263146753750191
1.	-1.0471975511965976	-1.	0.75	-2.104263139719731	0.4946504936544776
1.	-0.9162978572970231	-1.	0.75	-1.9950194372035175	0.6471780731852298
1.	-0.7853981633974483	-1.	0.75	-1.8627261628281313	0.6790853539900946
1.	-0.6544984694978736	-1.	0.75	-1.8956518527432458	0.422849036746515
1.	-0.5235987755982988	-1.	0.75	-1.8340413252880337	0.42283072731286464
1.	-0.39269908169872414	-1.	0.75	-1.9151808948134694	0.3150230877668734
1.	-0.2617993877991494	-1.	0.75	-1.8126786375304589	0.1644584693893818
1.	-0.1308996938995747	-0.5	0.75	-1.8602630598084127	0.19540445413784308
1.	0.	-1.	0.75	-1.9274128405680395	0.1350568705906247
1.	0.1308996938995747	-0.5	0.75	-2.1302113444739303	0.2642073578286574
1.	0.2617993877991494	-1.	0.75	-1.995177435814693	0.23466369879541618
1.	0.39269908169872414	-1.	0.75	-1.9117463496546458	0.23116651145894246
1.	0.5235987755982988	-1.	0.75	-1.769383650934876	0.19196709963044706
1.	0.6544984694978736	-1.	0.75	-1.9133759723141355	0.2364036594725143
1.	0.7853981633974483	-1.	0.75	-1.9598911253094808	0.1554240487312765
1.	0.9162978572970231	-1.	0.75	-1.9330294517076227	0.18759555615274562
1.	1.0471975511965976	-1.	0.75	-1.8539793200409775	0.24816582901507872
1.	1.1780972450961724	-1.	0.75	-2.168066110386605	0.39398784832517214
1.	1.3089969389957472	-1.	0.75	-2.0882659693244774	0.22810270201676028
1.	-1.5707963267948966	-1.	0.75	-2.5317981130602782	0.555151271429454
1.	1.5707963267948966	-1.	0.75	-2.024666719559457	0.9827211164748152
0.9	-1.5707963267948966	-1.	0.75	-2.431557127061637	2.203772971895663
0.8	-1.5707963267948966	-1.	0.75	-2.563780841513952	1.948776107087863
0.7	-1.5707963267948966	-1.	0.75	-2.5260061531939515	2.7265798792538827
0.6	-1.5707963267948966	-1.	0.75	-2.664032242077074	1.9314587275659758
0.5	-1.5707963267948966	-1.	0.75	-2.555863281283558	2.1748829195157864
0.4	-1.5707963267948966	-1.	0.75	-2.476867033489748	2.3713272681507807
0.3	-1.5707963267948966	-1.	0.75	-2.369666686116937	3.740959299968691
0.2	-1.5707963267948966	-1.	0.75	-2.4495989333776897	3.253772739646711
0.1	-1.5707963267948966	-1.	0.75	-2.398719014379952	3.8201114009529413
0.1	1.5707963267948966	-1.	0.75	-2.729854045995994	0.7270446983690474
0.2	1.5707963267948966	-1.	0.75	-2.28520048209901	2.3118178193449244
0.3	1.5707963267948966	-1.	0.75	-2.2204750336493317	1.9997819687804819
0.4	1.5707963267948966	-1.	0.75	-2.185637927305792	1.8708050332273758
0.5	1.5707963267948966	-1.	0.75	-2.200756217777786	1.719913139529195
0.6	1.5707963267948966	-1.	0.75	-2.2723407564488323	2.068924619815674
0.7	1.5707963267948966	-1.	0.75	-2.371674353112439	2.4408148887744128
0.8	1.5707963267948966	-1.	0.75	-2.2621669290909048	1.73208714056523
0.9	1.5707963267948966	-1.	0.75	-2.241767693193852	1.651618455421312
1.	-1.4398966328953218	-1.	0.75	-2.5246712726406897	0.4564070501556785
1.	1.4398966328953218	-1.	0.75	-2.1029440607619843	0.4059554273956978
0.1	-1.4398966328953218	0.	1.	-2.8468132068003933	1.403916044163852
0.1	-1.3089969389957472	0.5	1.	-3.02348837041865	0.6491463377118132
0.1	-1.1780972450961724	1.	1.	-2.367822334933146	1.598517819931465
0.1	-1.0471975511965976	1.	1.	-2.7920156921845276	2.512279843585464
0.1	-0.9162978572970231	1.	1.	-2.389678788696286	1.434860297177797
0.1	-0.7853981633974483	1.	1.	-2.951405790599969	2.2285231692778957
0.1	-0.6544984694978736	1.	1.	-3.027861832580287	2.2816730840294834
0.1	-0.5235987755982988	0.5	1.	-3.3461648345534405	0.7609514555481633
0.1	-0.39269908169872414	1.	1.	-3.0548441861264153	2.4450485584432333
0.1	-0.2617993877991494	0.5	1.	-3.1029600547137575	0.8922832868793626
0.1	-0.1308996938995747	0.5	1.	-3.143482469141427	0.9185157895195842
0.1	0.	0.5	1.	-2.9733948818907545	1.0439127415441447
0.1	0.1308996938995747	0.5	1.	-3.1197198190936977	0.5712455096787585
0.1	0.2617993877991494	0.5	1.	-3.078255455582894	0.4970119050562714
0.1	0.39269908169872414	1.	1.	-2.961761536980757	2.2771547936811767
0.1	0.5235987755982988	0.5	1.	-3.155139357619526	0.7614373427846196
0.1	0.6544984694978736	1.	1.	-2.9872857282449026	2.22171019830407
0.1	0.7853981633974483	1.	1.	-2.9722395469480873	2.1802918839787204
0.1	0.9162978572970231	1.	1.	-2.3088261666147365	1.4910238319946807
0.1	1.0471975511965976	1.	1.	-2.9747726396920644	2.335280329531372
0.1	1.1780972450961724	1.	1.	-2.2736918107056963	1.431768151578664
0.1	1.3089969389957472	0.5	1.	-3.033031807672574	0.722300522465489
0.1	1.4398966328953218	0.	1.	-3.0056119111303063	0.8238863192670794
0.2	-1.4398966328953218	-0.5	1.	-3.025366540801198	0.6741832450374777
0.2	-1.3089969389957472	-1.	1.	-3.0994918284856006	0.4321496028626783
0.2	-1.1780972450961724	0.5	1.	-3.3915559985792725	0.28358333282032805
0.2	-1.0471975511965976	-0.5	1.	-3.2313085493047127	0.41420024735155586
0.2	-0.9162978572970231	1.	1.	-2.7790106964950647	1.3299725564410716
0.2	-0.7853981633974483	-0.5	1.	-3.046458180832754	0.9741134636210471
0.2	-0.6544984694978736	0.5	1.	-3.189895764827449	0.8961780139930392
0.2	-0.5235987755982988	-0.5	1.	-2.7742954395635637	0.5311203214147168
0.2	-0.39269908169872414	0.	1.	-3.0973992866126756	0.816754490915911
0.2	-0.2617993877991494	1.	1.	-2.8945841562774084	1.8537759794131639
0.2	-0.1308996938995747	-0.5	1.	-3.0053013004175666	0.47312507334459053
0.2	0.	0.	1.	-2.676168991925723	1.4689925753496462
0.2	0.1308996938995747	-0.5	1.	-2.8185782965617507	0.44922698626525237
0.2	0.2617993877991494	1.	1.	-2.648731727647111	1.1434191156155904
0.2	0.39269908169872414	0.	1.	-3.011645547803446	0.52707816552016
0.2	0.5235987755982988	-0.5	1.	-2.6929434672632118	0.5998956101995491
0.2	0.6544984694978736	0.5	1.	-3.1899428765190545	0.932405720991066
0.2	0.7853981633974483	-0.5	1.	-3.003456260793446	0.5669921433326587
0.2	0.9162978572970231	1.	1.	-2.7332776673182586	0.9192517112759112
0.2	1.0471975511965976	-0.5	1.	-3.2707509794156735	0.7382916151995366
0.2	1.1780972450961724	0.5	1.	-3.4642891638865896	0.6800663187516993
0.2	1.3089969389957472	-1.	1.	-3.2168853631052348	0.4794765714116633
0.2	1.4398966328953218	-0.5	1.	-2.728526935543086	0.8854338140034539
0.3	-1.4398966328953218	0.	1.	-3.2659262371612816	0.38737571104732527
0.3	-1.3089969389957472	0.5	1.	-3.278962936594801	0.63103084123187
0.3	-1.1780972450961724	0.	1.	-3.2653497621069794	0.43623454698488523
0.3	-1.0471975511965976	-1.	1.	-3.046322656452534	0.46099558886356584
0.3	-0.9162978572970231	1.	1.	-3.176527816565181	1.152043032362516
0.3	-0.7853981633974483	-1.	1.	-2.9317898024839844	0.3452837375027393
0.3	-0.6544984694978736	0.5	1.	-2.8354484509234124	0.9916125163764156
0.3	-0.5235987755982988	-0.5	1.	-2.914774005818192	0.3653989696869993
0.3	-0.39269908169872414	1.	1.	-2.6748495203716107	0.8284563176500721
0.3	-0.2617993877991494	0.5	1.	-2.849154283701257	0.2956486442513289
0.3	-0.1308996938995747	1.	1.	-2.594907304310578	1.011798431166222
0.3	0.	1.	1.	-2.8057877675278293	1.2508512022479812
0.3	0.1308996938995747	1.	1.	-2.626653235646833	0.7753131760158397
0.3	0.2617993877991494	0.5	1.	-2.873416925743627	0.46386555674145746
0.3	0.39269908169872414	1.	1.	-2.6076215101945954	0.7986639117536687
0.3	0.5235987755982988	-0.5	1.	-2.6979132145096303	0.40600717555819404
0.3	0.6544984694978736	0.5	1.	-2.9385199855717596	0.6176267894951932
0.3	0.7853981633974483	-1.	1.	-2.6350506551294535	0.2437936896171142
0.3	0.9162978572970231	1.	1.	-3.0077637858638635	1.00421247863527
0.3	1.0471975511965976	-1.	1.	-2.5703402220796976	0.28396656127100933
0.3	1.1780972450961724	0.	1.	-2.804473830730975	0.7154643949115
0.3	1.3089969389957472	0.5	1.	-2.869006693133581	0.7692035365438464
0.3	1.4398966328953218	0.	1.	-2.8333434916742846	0.9635979992620395
0.4	-1.4398966328953218	0.5	1.	-3.1625837380835815	0.5453707783460578
0.4	-1.3089969389957472	1.	1.	-3.407318263042685	0.6899705198544126
0.4	-1.1780972450961724	0.5	1.	-2.8239431957994943	0.3583803544147062
0.4	-1.0471975511965976	0.	1.	-2.898917406657608	0.2970897184346947
0.4	-0.9162978572970231	0.5	1.	-3.099761676091219	0.37947117114912055
0.4	-0.7853981633974483	1.	1.	-2.792124094877931	0.434097967415839
0.4	-0.6544984694978736	1.	1.	-2.844209389618323	0.7278979122974635
0.4	-0.5235987755982988	0.5	1.	-2.901196069551072	0.4063283594911372
0.4	-0.39269908169872414	1.	1.	-2.742155799052048	0.6819947856795544
0.4	-0.2617993877991494	1.	1.	-2.6413400564560634	0.8713670486475457
0.4	-0.1308996938995747	1.	1.	-2.628413669078465	0.969306049371713
0.4	0.	1.	1.	-2.7692484720870136	1.1759769745678863
0.4	0.1308996938995747	1.	1.	-2.740186263822789	0.916507363873308
0.4	0.2617993877991494	1.	1.	-2.711782544216774	0.6621738136550982
0.4	0.39269908169872414	1.	1.	-2.7314911169843183	0.6242431378041521
0.4	0.5235987755982988	0.5	1.	-3.023271593662284	0.9466162449086035
0.4	0.6544984694978736	1.	1.	-2.5845248546321247	0.48464170124883604
0.4	0.7853981633974483	1.	1.	-2.369944210458074	0.4596019763130062
0.4	0.9162978572970231	0.5	1.	-2.7712548227618377	0.6190338558345243
0.4	1.0471975511965976	0.	1.	-2.6848029818579686	0.8255813412295213
0.4	1.1780972450961724	0.5	1.	-2.53942190505514	0.46571512971383927
0.4	1.3089969389957472	1.	1.	-2.893255036957716	1.018177808352166
0.4	1.4398966328953218	0.5	1.	-2.9563251934818493	0.9329716532243596
0.5	-1.4398966328953218	-0.5	1.	-2.9079722402420565	0.39977495428021814
0.5	-1.3089969389957472	0.	1.	-3.0645193431748807	0.46095195689484414
0.5	-1.1780972450961724	0.	1.	-2.634193220827659	0.29302679737535703
0.5	-1.0471975511965976	0.	1.	-2.889236759421798	0.49294919667686554
0.5	-0.9162978572970231	0.5	1.	-2.9969262579010993	0.38434772132344114
0.5	-0.7853981633974483	0.	1.	-2.6088991847206477	1.270026304035635
0.5	-0.6544984694978736	1.	1.	-2.6581656673813487	0.3140327635390808
0.5	-0.5235987755982988	0.	1.	-2.470259125424197	0.9940867037448978
0.5	-0.39269908169872414	0.	1.	-2.4214343201385997	0.5505232379772051
0.5	-0.2617993877991494	0.	1.	-2.415959365009603	0.5134214649085144
0.5	-0.1308996938995747	1.	1.	-2.651429531406115	0.9411610591868326
0.5	0.	0.	1.	-2.419623279272065	0.27196088529464507
0.5	0.1308996938995747	1.	1.	-2.6691688906403224	0.7033283764004404
0.5	0.2617993877991494	0.	1.	-2.499831285203332	0.31922822777664805
0.5	0.39269908169872414	0.	1.	-2.394980104572246	0.3606026284193188
0.5	0.5235987755982988	0.	1.	-2.5053712700848045	0.5504414578019866
0.5	0.6544984694978736	1.	1.	-2.377054808986008	0.3600717098094214
0.5	0.7853981633974483	0.	1.	-2.5075325038993417	0.6216368346366345
0.5	0.9162978572970231	0.5	1.	-2.8722543393409805	0.42180664746658486
0.5	1.0471975511965976	0.	1.	-2.4537267092322224	0.5703520431464912
0.5	1.1780972450961724	0.	1.	-2.3008034992194144	0.5626018616167955
0.5	1.3089969389957472	0.	1.	-2.7306629959674344	1.4079999934188283
0.5	1.4398966328953218	-0.5	1.	-2.4509822472117873	0.7003686319093959
0.6	-1.4398966328953218	1.	1.	-3.429549596675416	0.3052255202487966
0.6	-1.3089969389957472	-1.	1.	-2.849242767958267	0.42098573336954553
0.6	-1.1780972450961724	-0.5	1.	-2.7667034922091487	0.5781628182074069
0.6	-1.0471975511965976	0.	1.	-2.7648309417998544	0.6474165987320873
0.6	-0.9162978572970231	1.	1.	-3.0290551369542693	0.3954645677651361
0.6	-0.7853981633974483	0.	1.	-2.6626592505064752	0.5869261011832835
0.6	-0.6544984694978736	0.5	1.	-2.4301564103655013	0.6738830653155171
0.6	-0.5235987755982988	1.	1.	-2.8231777274474474	0.45543410022042385
0.6	-0.39269908169872414	-1.	1.	-2.3079093770940085	0.5391057425719721
0.6	-0.2617993877991494	-1.	1.	-2.318308860094927	0.22485421986386894
0.6	-0.1308996938995747	-0.5	1.	-2.4788525221342605	0.28103443000060274
0.6	0.	-0.5	1.	-2.5062279013001647	0.35506308538505077
0.6	0.1308996938995747	-0.5	1.	-2.1848604919270413	0.239709637429409
0.6	0.2617993877991494	-1.	1.	-2.179817106770721	0.23882456703041569
0.6	0.39269908169872414	-1.	1.	-2.458348150143152	0.300657756755133
0.6	0.5235987755982988	1.	1.	-2.572948516207761	0.5469372616132527
0.6	0.6544984694978736	0.5	1.	-2.2712919618079437	0.31838247171670564
0.6	0.7853981633974483	0.	1.	-2.3541861149508723	0.5001016979739936
0.6	0.9162978572970231	1.	1.	-2.565724437473506	0.7645557710048699
0.6	1.0471975511965976	0.	1.	-2.540181155539076	0.7773136333978728
0.6	1.1780972450961724	-0.5	1.	-2.335436984954938	0.40694615807619894
0.6	1.3089969389957472	-1.	1.	-2.3580261384369248	0.29623200598280697
0.6	1.4398966328953218	1.	1.	-2.7603297904123636	1.5611860321134492
0.7	-1.4398966328953218	1.	1.	-3.2605534213512977	1.399669868639007
0.7	-1.3089969389957472	0.5	1.	-3.1903729040207236	0.7010083599746177
0.7	-1.1780972450961724	1.	1.	-3.105037246631047	0.3420944918022399
0.7	-1.0471975511965976	0.	1.	-2.451026861579252	0.3928030658741448
0.7	-0.9162978572970231	0.5	1.	-2.6889062103367274	0.7222615699204388
0.7	-0.7853981633974483	0.5	1.	-2.586533834960734	0.5027515199474746
0.7	-0.6544984694978736	0.5	1.	-2.464399908410059	0.4733846193747883
0.7	-0.5235987755982988	0.5	1.	-2.451231768641192	0.7989018300849412
0.7	-0.39269908169872414	0.5	1.	-2.2606821205762686	0.5158736108850873
0.7	-0.2617993877991494	0.5	1.	-2.2146723319939765	0.6045515372991572
0.7	-0.1308996938995747	0.5	1.	-2.2021138797271096	0.48437404312134563
0.7	0.	1.	1.	-2.3941288726799383	0.49792259760723173
0.7	0.1308996938995747	0.5	1.	-2.2433844332441097	0.3732901516340113
0.7	0.2617993877991494	0.5	1.	-2.1840455974188484	0.3771182027369977
0.7	0.39269908169872414	0.5	1.	-2.187996161946703	0.33915620547295877
0.7	0.5235987755982988	0.5	1.	-2.668928905430986	0.768711705774627
0.7	0.6544984694978736	0.5	1.	-2.1797049795701393	0.4446807558838748
0.7	0.7853981633974483	0.5	1.	-2.2416452521349366	0.5461066613787025
0.7	0.9162978572970231	0.5	1.	-2.6285829883217464	0.3163763215991231
0.7	1.0471975511965976	0.	1.	-2.0093323847340936	0.2831149475342088
0.7	1.1780972450961724	1.	1.	-2.450782793584342	0.5973687910525493
0.7	1.3089969389957472	0.5	1.	-2.366132587153624	0.9002350811297406
0.7	1.4398966328953218	1.	1.	-2.6879322586367316	0.9764590700421818
0.8	-1.4398966328953218	0.	1.	-2.8631286861110086	0.40978226953518
0.8	-1.3089969389957472	-0.5	1.	-2.673818832614989	0.44362344438144935
0.8	-1.1780972450961724	0.5	1.	-2.780742271112241	0.4243914646515003
0.8	-1.0471975511965976	-0.5	1.	-2.3474383516795156	0.4958151698570802
0.8	-0.9162978572970231	0.	1.	-2.5047746705973655	0.3897897023843858
0.8	-0.7853981633974483	0.	1.	-2.342788256733411	0.4635945455729241
0.8	-0.6544984694978736	0.5	1.	-2.3697445404155606	0.36750980562387486
0.8	-0.5235987755982988	0.	1.	-2.157977389625295	0.339091239355212
0.8	-0.39269908169872414	0.	1.	-2.07732179015542	0.2563855683481258
0.8	-0.2617993877991494	0.	1.	-2.225449305551529	0.3780896214185186
0.8	-0.1308996938995747	0.	1.	-1.963944744626173	0.3714555786045878
0.8	0.	0.	1.	-2.047916869018447	0.24183923589740275
0.8	0.1308996938995747	0.	1.	-2.0918983813732583	0.3371399131653662
0.8	0.2617993877991494	0.	1.	-2.003839641700147	0.2782608245375255
0.8	0.39269908169872414	0.	1.	-1.9800867615138285	0.24702206866196277
0.8	0.5235987755982988	0.	1.	-2.0165119627432357	0.214255113109843
0.8	0.6544984694978736	0.5	1.	-2.1552477607223146	0.29848308042796046
0.8	0.7853981633974483	0.	1.	-2.1320839798460214	0.24297194632322977
0.8	0.9162978572970231	0.	1.	-2.6001985755529438	0.2527483483110737
0.8	1.0471975511965976	-0.5	1.	-1.9978948049741583	0.28878098995273316
0.8	1.1780972450961724	0.5	1.	-2.274398825859344	0.7726278302150752
0.8	1.3089969389957472	-0.5	1.	-2.1224000192070562	0.30206843664027955
0.8	1.4398966328953218	0.	1.	-2.1492932149548594	0.5725395555271813
0.9	-1.4398966328953218	-0.5	1.	-2.787560000184093	0.37090683458805396
0.9	-1.3089969389957472	-0.5	1.	-2.570681709964108	0.5556289820782858
0.9	-1.1780972450961724	-0.5	1.	-2.4031411160860343	0.5019764424351152
0.9	-1.0471975511965976	-0.5	1.	-2.2878735034237887	0.8229713000810697
0.9	-0.9162978572970231	-0.5	1.	-2.11785159199328	0.38209435663951086
0.9	-0.7853981633974483	-0.5	1.	-2.0840826506799104	0.35925797820502153
0.9	-0.6544984694978736	0.	1.	-2.231496234054588	0.4973557668815894
0.9	-0.5235987755982988	-0.5	1.	-2.064952541910591	0.3058698685407878
0.9	-0.39269908169872414	-0.5	1.	-1.9676813666104465	0.2522040155542391
0.9	-0.2617993877991494	-0.5	1.	-2.0936289883022052	0.222805651758742
0.9	-0.1308996938995747	0.	1.	-2.0240542347108184	0.3195658141076173
0.9	0.	-0.5	1.	-2.017564146399768	0.3379348322291822
0.9	0.1308996938995747	0.	1.	-2.1858238102864287	0.3947935594437482
0.9	0.2617993877991494	-0.5	1.	-1.9807432719603402	0.28671509170444964
0.9	0.39269908169872414	-0.5	1.	-2.1740082900238167	0.3176214962225884
0.9	0.5235987755982988	-0.5	1.	-1.8647007024410567	0.27106794074760493
0.9	0.6544984694978736	0.	1.	-2.1249134598079955	0.2197734726495656
0.9	0.7853981633974483	-0.5	1.	-1.8661065775734638	0.26697681851278016
0.9	0.9162978572970231	-0.5	1.	-1.9356914340218005	0.2273863107420609
0.9	1.0471975511965976	-0.5	1.	-2.0861764947261103	0.35537736291959254
0.9	1.1780972450961724	-0.5	1.	-1.9334219852316183	0.2003603503299142
0.9	1.3089969389957472	-0.5	1.	-2.2895782457659606	0.6012136596416823
0.9	1.4398966328953218	-0.5	1.	-2.1048108238121124	0.9213881520622476
1.	-1.3089969389957472	-1.	1.	-2.319086459230018	0.34619326498077735
1.	-1.1780972450961724	-1.	1.	-2.176414781011219	0.34716772998819345
1.	-1.0471975511965976	-1.	1.	-2.1228063118022558	0.4154518470933302
1.	-0.9162978572970231	-1.	1.	-1.9604591039868575	0.7878452902817399
1.	-0.7853981633974483	-1.	1.	-1.9123066837638034	0.6203398102423604
1.	-0.6544984694978736	-1.	1.	-1.88640474030945	0.45659805554985483
1.	-0.5235987755982988	-1.	1.	-1.837770079291884	0.4759143336504242
1.	-0.39269908169872414	-1.	1.	-1.917808948790669	0.33650265732537205
1.	-0.2617993877991494	-1.	1.	-1.8126342845179193	0.16874972159669147
1.	-0.1308996938995747	-0.5	1.	-1.8743515257404202	0.20123398013117502
1.	0.	-1.	1.	-1.9011721790030727	0.1508378865648676
1.	0.1308996938995747	-0.5	1.	-2.0984527997839724	0.2754505323643044
1.	0.2617993877991494	-1.	1.	-1.968815408555685	0.2555409634352433
1.	0.39269908169872414	-1.	1.	-1.8549382719724556	0.24207740090013738
1.	0.5235987755982988	-1.	1.	-1.7125150856847384	0.19514420680484462
1.	0.6544984694978736	-1.	1.	-1.8355627969372308	0.24713638018525785
1.	0.7853981633974483	-1.	1.	-1.8814547417331051	0.17323128917909966
1.	0.9162978572970231	-1.	1.	-1.8609219093494738	0.24213487241338236
1.	1.0471975511965976	-1.	1.	-1.8087915970562618	0.22749502714437372
1.	1.1780972450961724	-1.	1.	-2.1098228553604055	0.38190660987797825
1.	1.3089969389957472	-1.	1.	-2.076722587157479	0.23162617143473666
1.	-1.5707963267948966	-1.	1.	-2.572532326572135	0.6882885106075726
1.	1.5707963267948966	-1.	1.	-2.025756613007334	1.1400300981797882
0.9	-1.5707963267948966	-1.	1.	-2.4868457142307165	1.6583712177793406
0.8	-1.5707963267948966	-1.	1.	-2.4910480783521227	2.355259200397037
0.7	-1.5707963267948966	-1.	1.	-2.583316697416942	1.9371547608014266
0.6	-1.5707963267948966	-1.	1.	-2.6093194706855876	2.1006564130649563
0.5	-1.5707963267948966	-1.	1.	-2.4355325568771575	2.4174244441955257
0.4	-1.5707963267948966	-1.	1.	-2.7664982722062064	1.8977537803631697
0.3	-1.5707963267948966	-1.	1.	-2.299506733642948	3.5726464383899255
0.2	-1.5707963267948966	-1.	1.	-2.368045892078932	3.137235855396267
0.1	-1.5707963267948966	-1.	1.	-2.3273796147310013	3.6688909702554966
0.1	1.5707963267948966	-1.	1.	-2.285552147284727	3.109872288475671
0.2	1.5707963267948966	-1.	1.	-2.269022601811218	2.5368700642437902
0.3	1.5707963267948966	-1.	1.	-2.2180471375084734	2.1620175574795413
0.4	1.5707963267948966	-1.	1.	-2.181800857401451	2.097395218961683
0.5	1.5707963267948966	-1.	1.	-2.4403602189804188	0.4586855292860055
0.6	1.5707963267948966	-1.	1.	-2.229815921211027	2.122651993238169
0.7	1.5707963267948966	-1.	1.	-2.2876336821167875	2.337559742755121
0.8	1.5707963267948966	-1.	1.	-2.164391918716645	1.6124569941888798
0.9	1.5707963267948966	-1.	1.	-2.1523675477045625	1.5504876194031134
1.	-1.4398966328953218	-1.	1.	-2.5795051245855576	0.4423278453134963
1.	1.4398966328953218	-1.	1.	-2.1149220642006754	0.4166581191882462